(0, 1, 0)	1	0	108904	166359	42	41
(1, 0, 0)	2	0	43895	10361	10	10
(0, 2, 0)	2	0	59927	24448	15	15
(2, 0, 0)	2	0	14478	16157	17	17
(0, 3, 0)	2	0	29538	17789	19	19
(3, 0, 0)	2	0	61545	78303	24	24
(0, 4, 0)	2	0	125803	963	35	35
(4, 0, 0)	2	0	65	20876	12	12
(0, 5, 0)	2	0	44272	54191	17	17
(5, 0, 0)	2	0	151123	58641	20	20
(0, 6, 0)	2	0	47763	12190	16	16
(6, 0, 0)	2	0	16068	35183	17	17
(0, 7, 0)	1	0	32470	5452	7	6
(7, 0, 0)	2	0	16295	31476	21	21
(0, 8, 0)	1	0	53735	15987	14	13
(8, 0, 0)	2	0	16706	13901	12	12
(0, 9, 0)	1	0	141885	239	39	38
(9, 0, 0)	1	0	108	68111	17	16
(0, 10, 0)	1	0	28142	179977	9	8
(10, 0, 0)	1	0	173000	33477	9	8
(0, 11, 0)	1	0	38076	30	15	14
(11, 0, 0)	2	0	36	33096	14	14
(0, 12, 0)	1	0	75787	103663	28	27
(12, 0, 0)	2	0	57056	13751	15	15
(0, 13, 0)	1	0	55835	11962	20	19
(13, 0, 0)	2	0	5889	29942	9	9
(0, 14, 0)	1	0	29105	5932	12	11
(14, 0, 0)	2	0	11003	57279	18	18
(0, 15, 0)	1	0	35520	130	19	18
(15, 0, 0)	2	0	119	32496	10	10
(1, 2, 0)	2	0	144711	29809	23	23
(2, 1, 0)	2	0	30873	129713	24	24
(1, 3, 0)	1	0	102621	23427	17	16
(3, 1, 0)	2	0	32070	59842	11	11
(1, 4, 0)	1	0	52899	818	11	10
(4, 1, 0)	2	0	46	30106	8	8
(1, 5, 0)	1	0	70928	90056	14	13
(5, 1, 0)	1	0	54047	53526	12	11
(1, 6, 0)	1	0	32964	10241	9	8
(6, 1, 0)	2	0	16974	73741	16	16
(1, 7, 0)	1	0	21353	6051	8	7
(7, 1, 0)	2	0	10844	51197	11	11
(1, 8, 0)	1	0	113145	20361	19	18
(8, 1, 0)	2	0	14535	34175	10	10
(1, 9, 0)	1	0	70498	53	11	10
(9, 1, 0)	2	0	58	43105	8	8
(1, 10, 0)	1	0	78560	179762	9	8
(10, 1, 0)	1	0	136914	42785	8	7
(1, 11, 0)	1	0	67487	11	12	11
(11, 1, 0)	2	0	77	43153	8	8
(1, 12, 0)	1	0	110010	85808	20	19
(12, 1, 0)	2	0	59176	32642	12	12
(1, 13, 0)	1	0	41942	7358	10	9
(13, 1, 0)	2	0	10496	79518	16	16
(1, 14, 0)	1	0	132928	16329	25	24
(14, 1, 0)	2	0	8044	88641	13	13
(1, 15, 0)	1	0	68660	96	10	9
(15, 1, 0)	2	0	91	40923	9	9
(2, 3, 0)	2	0	19610	18082	13	13
(3, 2, 0)	1	0	53412	31222	23	22
(2, 4, 0)	2	4	180461	1773	194	194
(4, 2, 0)	2	0	55	18294	11	11
(2, 5, 0)	1	0	23976	107952	15	14
(5, 2, 0)	2	0	161547	33040	23	23
(2, 6, 0)	2	0	43620	31253	24	24
(6, 2, 0)	2	0	28311	37056	20	20
(2, 7, 0)	1	0	8172	7931	9	8
(7, 2, 0)	2	0	11694	7393	12	12
(2, 8, 0)	1	0	22386	24379	14	13
(8, 2, 0)	1	0	20297	10294	9	8
(2, 9, 0)	2	0	106665	381	67	67
(9, 2, 0)	2	0	147	44184	27	27
(2, 10, 0)	1	0	14090	180879	11	10
(10, 2, 0)	2	0	180142	8657	9	9
(2, 11, 0)	1	0	18593	57	15	14
(11, 2, 0)	2	0	53	23867	16	16
(2, 12, 0)	1	0	9388	29387	8	7
(12, 2, 0)	2	0	135169	52695	29	29
(2, 13, 0)	1	0	11273	4426	8	7
(13, 2, 0)	2	0	10782	14026	13	13
(2, 14, 0)	1	0	105685	33854	54	53
(14, 2, 0)	2	0	23019	45772	28	28
(2, 15, 0)	1	0	18714	234	17	16
(15, 2, 0)	2	0	285	24822	20	20
(3, 4, 0)	1	0	75915	1109	23	22
(4, 3, 0)	2	0	127	15648	8	8
(3, 5, 0)	1	0	25057	81055	15	14
(5, 3, 0)	1	0	63108	22205	20	19
(3, 6, 0)	1	0	42713	12428	11	10
(6, 3, 0)	2	0	16401	24103	14	14
(3, 7, 0)	1	0	16102	13009	15	14
(7, 3, 0)	2	0	15855	43310	15	15
(3, 8, 0)	1	0	57700	21451	19	18
(8, 3, 0)	2	0	16621	10100	14	14
(3, 9, 0)	1	0	59587	122	15	14
(9, 3, 0)	2	0	76	21557	11	11
(3, 10, 0)	1	0	28608	181121	12	11
(10, 3, 0)	1	0	94161	16733	7	6
(3, 11, 0)	1	0	166883	90	83	82
(11, 3, 0)	2	0	17	22901	11	11
(3, 12, 0)	1	0	62115	123203	28	27
(12, 3, 0)	2	0	43811	12199	11	11
(3, 13, 0)	1	0	21285	5063	10	9
(13, 3, 0)	2	0	31878	94110	44	44
(3, 14, 0)	1	0	37813	9032	13	12
(14, 3, 0)	2	0	10486	53717	15	15
(3, 15, 0)	2	0	47381	295	19	19
(15, 3, 0)	2	0	143	25971	13	13
(4, 5, 0)	2	0	133	45030	8	8
(5, 4, 0)	1	0	54066	245	9	8
(4, 6, 0)	1	0	186	28163	20	19
(6, 4, 0)	1	0	13493	232	10	9
(4, 7, 0)	2	0	994	23907	19	19
(7, 4, 0)	1	0	9127	35	9	8
(4, 8, 0)	1	4	1607	184708	107	106
(8, 4, 0)	2	0	54328	6047	38	38
(4, 9, 0)	1	0	1190	219	39	38
(9, 4, 0)	1	0	130	305	24	23
(4, 10, 0)	2	0	49	152110	9	9
(10, 4, 0)	2	0	180425	298	10	10
(4, 11, 0)	1	0	989	79	48	47
(11, 4, 0)	1	0	43	1528	33	32
(4, 12, 0)	1	0	1605	148643	39	38
(12, 4, 0)	2	0	141091	1836	30	30
(4, 13, 0)	2	0	1717	19103	35	35
(13, 4, 0)	2	0	12260	6069	19	19
(4, 14, 0)	1	0	1831	17192	27	26
(14, 4, 0)	2	0	29352	860	39	39
(4, 15, 0)	1	0	397	231	37	36
(15, 4, 0)	2	0	251	1031	39	39
(5, 6, 0)	2	0	179495	48836	42	42
(6, 5, 0)	1	0	7795	53976	8	7
(5, 7, 0)	1	0	27030	4838	6	5
(7, 5, 0)	2	0	10579	63080	12	12
(5, 8, 0)	1	0	81138	22812	16	15
(8, 5, 0)	1	0	20221	99019	16	15
(5, 9, 0)	1	0	54024	49	10	9
(9, 5, 0)	1	0	127	117003	16	15
(5, 10, 0)	2	0	72018	117543	9	9
(10, 5, 0)	1	0	96760	54007	8	7
(5, 11, 0)	1	0	125880	39	18	17
(11, 5, 0)	2	0	27	72132	17	17
(5, 12, 0)	1	0	53935	30154	11	10
(12, 5, 0)	2	0	106368	126112	21	21
(5, 13, 0)	2	0	180481	20289	41	41
(13, 5, 0)	2	0	6918	72059	14	14
(5, 14, 0)	1	0	151368	18288	24	23
(14, 5, 0)	2	0	15673	151209	22	22
(5, 15, 0)	1	0	53991	82	10	9
(15, 5, 0)	2	0	122	45062	9	9
(6, 7, 0)	1	0	19200	9790	12	11
(7, 6, 0)	2	0	14934	19649	14	14
(6, 8, 0)	1	0	15905	18040	14	13
(8, 6, 0)	1	0	18004	5985	7	6
(6, 9, 0)	1	0	13006	84	13	12
(9, 6, 0)	2	0	207	36686	36	36
(6, 10, 0)	1	0	10927	180891	10	9
(10, 6, 0)	2	0	180752	8379	10	10
(6, 11, 0)	1	0	67021	208	72	71
(11, 6, 0)	2	0	54	14637	14	14
(6, 12, 0)	1	0	71331	148910	55	54
(12, 6, 0)	2	0	148732	43785	46	46
(6, 13, 0)	2	0	16121	7518	14	14
(13, 6, 0)	1	0	11876	27386	22	21
(6, 14, 0)	1	0	12254	6093	10	9
(14, 6, 0)	2	0	60467	106425	91	91
(6, 15, 0)	1	0	20581	118	14	13
(15, 6, 0)	2	0	236	29625	30	30
(7, 8, 0)	1	0	20524	19894	14	13
(8, 7, 0)	2	0	15567	9535	10	10
(7, 9, 0)	2	0	11655	97	12	12
(9, 7, 0)	2	0	80	9235	9	9
(7, 10, 0)	1	0	10530	180788	12	11
(10, 7, 0)	1	0	88077	3737	6	5
(7, 11, 0)	2	0	21173	31	19	19
(11, 7, 0)	1	0	17	5958	7	6
(7, 12, 0)	2	0	8514	38885	9	9
(12, 7, 0)	1	0	42786	9185	12	11
(7, 13, 0)	2	0	9465	5023	11	11
(13, 7, 0)	2	0	4991	9993	11	11
(7, 14, 0)	1	0	36925	20874	28	27
(14, 7, 0)	2	0	13985	28048	21	21
(7, 15, 0)	1	0	12484	91	12	11
(15, 7, 0)	2	0	80	11610	12	12
(8, 9, 0)	1	0	30131	66	13	12
(9, 8, 0)	1	0	309	127819	49	48
(8, 10, 0)	2	0	11265	125905	9	9
(10, 8, 0)	2	0	182720	21022	13	13
(8, 11, 0)	1	0	32437	17	18	17
(11, 8, 0)	1	4	405	184925	150	149
(8, 12, 0)	1	0	62242	148549	53	52
(12, 8, 0)	1	0	111570	29348	17	16
(8, 13, 0)	1	0	19529	8300	11	10
(13, 8, 0)	1	0	32805	50650	50	49
(8, 14, 0)	1	0	18145	3890	7	6
(14, 8, 0)	1	4	113739	184872	128	127
(8, 15, 0)	1	0	15168	81	8	7
(15, 8, 0)	2	0	984	163652	101	101
(9, 10, 0)	1	0	61	181632	11	10
(10, 9, 0)	1	0	157282	58	9	8
(9, 11, 0)	0	0	982	319	197	197
(11, 9, 0)	2	0	38	147	26	26
(9, 12, 0)	2	0	77	34115	10	10
(12, 9, 0)	1	0	111324	114	20	19
(9, 13, 0)	1	0	47	2636	9	8
(13, 9, 0)	1	0	14555	170	32	31
(9, 14, 0)	1	0	489	93954	87	86
(14, 9, 0)	2	0	39601	330	61	61
(9, 15, 0)	1	0	106	124	15	14
(15, 9, 0)	2	0	155	59	11	11
(10, 11, 0)	1	0	90833	6	7	6
(11, 10, 0)	1	0	18	180579	12	11
(10, 12, 0)	1	0	93075	29386	8	7
(12, 10, 0)	1	0	60675	180620	12	11
(10, 13, 0)	1	0	123466	5681	9	8
(13, 10, 0)	2	0	3509	136027	8	8
(10, 14, 0)	2	0	180302	5849	10	10
(14, 10, 0)	1	0	6558	180566	11	10
(10, 15, 0)	1	0	175646	91	9	8
(15, 10, 0)	1	0	96	181059	12	11
(11, 12, 0)	2	0	90	120457	21	21
(12, 11, 0)	2	0	143413	33	35	35
(11, 13, 0)	2	0	80	30213	47	47
(13, 11, 0)	1	0	8397	16	13	12
(11, 14, 0)	1	0	134	91389	126	125
(14, 11, 0)	2	0	69627	77	80	80
(11, 15, 0)	1	0	52	220	28	27
(15, 11, 0)	2	0	214	24	36	36
(12, 13, 0)	1	0	41799	4244	9	8
(13, 12, 0)	2	0	5898	39195	10	10
(12, 14, 0)	1	0	124416	15232	25	24
(14, 12, 0)	1	0	61805	149285	81	80
(12, 15, 0)	1	0	134236	143	28	27
(15, 12, 0)	2	0	109	104544	20	20
(13, 14, 0)	1	0	31154	30693	48	47
(14, 13, 0)	2	3	125536	123447	196	195
(13, 15, 0)	1	0	18510	166	25	24
(15, 13, 0)	1	0	123	10342	15	14
(14, 15, 0)	1	0	78579	708	117	116
(15, 14, 0)	1	3	1367	164628	196	196
(0, 1, 1)	1	0	12364	43159	8	7
(1, 0, 1)	2	0	99286	35375	12	12
(0, 2, 1)	1	0	12252	9314	13	12
(2, 0, 1)	1	0	10464	17032	11	10
(0, 3, 1)	1	0	20881	6633	12	11
(3, 0, 1)	2	0	6402	7216	10	10
(0, 4, 1)	2	0	32412	536	16	16
(4, 0, 1)	2	0	908	39815	21	21
(0, 5, 1)	1	0	9781	54076	12	11
(5, 0, 1)	2	0	108014	15611	16	16
(0, 6, 1)	2	0	31365	11139	14	14
(6, 0, 1)	2	0	10538	19900	13	13
(0, 7, 1)	1	0	11750	8169	10	9
(7, 0, 1)	2	0	8843	23229	9	9
(0, 8, 1)	2	0	143334	49974	46	46
(8, 0, 1)	1	0	9476	8869	10	9
(0, 9, 1)	1	0	30689	56	12	11
(9, 0, 1)	1	0	95	50975	19	18
(0, 10, 1)	1	0	30496	179650	9	8
(10, 0, 1)	2	0	87618	13905	5	5
(0, 11, 1)	1	0	30755	6	10	9
(11, 0, 1)	1	0	27	50904	24	23
(0, 12, 1)	1	0	10111	41845	20	19
(12, 0, 1)	1	0	38537	9489	11	10
(0, 13, 1)	1	0	19964	7953	15	14
(13, 0, 1)	2	0	7014	23800	13	13
(0, 14, 1)	1	0	10056	7272	14	13
(14, 0, 1)	2	0	19606	113928	32	32
(0, 15, 1)	2	0	30650	172	23	23
(15, 0, 1)	2	0	91	399	8	8
(1, 2, 1)	1	0	78413	15948	13	12
(2, 1, 1)	1	0	8646	54115	8	7
(1, 3, 1)	1	0	10888	2837	9	8
(3, 1, 1)	2	0	5922	10445	9	9
(1, 4, 1)	1	0	91318	212	13	12
(4, 1, 1)	1	0	1521	161119	31	30
(1, 5, 1)	1	0	32444	63049	10	9
(5, 1, 1)	1	0	45053	42560	7	6
(1, 6, 1)	1	0	139005	24838	27	26
(6, 1, 1)	2	0	12567	32796	13	13
(1, 7, 1)	2	0	73011	11132	11	11
(7, 1, 1)	2	0	9145	27224	10	10
(1, 8, 1)	1	0	78712	19324	14	13
(8, 1, 1)	1	0	7186	53626	8	7
(1, 9, 1)	1	0	53044	97	11	10
(9, 1, 1)	1	0	279	175429	58	57
(1, 10, 1)	1	0	83248	180134	9	8
(10, 1, 1)	2	0	87839	21701	5	5
(1, 11, 1)	1	0	108066	105	16	15
(11, 1, 1)	2	0	32	61513	14	14
(1, 12, 1)	1	0	52814	42271	10	9
(12, 1, 1)	1	0	34878	54175	8	7
(1, 13, 1)	1	0	11349	6275	9	8
(13, 1, 1)	2	0	7514	50220	9	9
(1, 14, 1)	1	0	91821	9754	16	15
(14, 1, 1)	2	0	35245	177497	58	58
(1, 15, 1)	1	0	11123	107	9	8
(15, 1, 1)	2	0	116	882	10	10
(2, 3, 1)	2	0	19765	83536	19	19
(3, 2, 1)	1	0	66100	36485	49	48
(2, 4, 1)	1	0	137143	3132	55	54
(4, 2, 1)	1	0	4081	134249	56	55
(2, 5, 1)	1	0	13090	72002	13	12
(5, 2, 1)	1	0	63197	10138	15	14
(2, 6, 1)	2	0	57145	30725	25	25
(6, 2, 1)	2	0	15428	8145	13	13
(2, 7, 1)	1	0	7780	6681	9	8
(7, 2, 1)	2	0	20178	14205	19	19
(2, 8, 1)	1	0	27201	14039	14	13
(8, 2, 1)	1	0	12640	8567	11	10
(2, 9, 1)	2	0	59168	206	32	32
(9, 2, 1)	2	0	74	12886	11	11
(2, 10, 1)	1	0	28842	181073	12	11
(10, 2, 1)	2	0	87667	6013	5	5
(2, 11, 1)	1	0	12869	11	8	7
(11, 2, 1)	2	0	40	14987	12	12
(2, 12, 1)	1	0	24917	73402	20	19
(12, 2, 1)	2	0	111465	17944	20	20
(2, 13, 1)	1	0	29861	17366	23	22
(13, 2, 1)	1	0	47232	63086	68	67
(2, 14, 1)	1	0	18723	9493	15	14
(14, 2, 1)	2	0	23282	55000	27	27
(2, 15, 1)	1	0	16856	88	9	8
(15, 2, 1)	2	0	67	11762	11	11
(3, 4, 1)	1	0	109909	857	27	26
(4, 3, 1)	1	0	1278	160438	38	37
(3, 5, 1)	1	0	10319	71971	10	9
(5, 3, 1)	2	0	175156	37187	33	33
(3, 6, 1)	2	0	41250	28877	30	30
(6, 3, 1)	2	0	17715	76701	17	17
(3, 7, 1)	2	0	47672	34590	35	35
(7, 3, 1)	1	0	25819	21711	27	26
(3, 8, 1)	1	0	41214	21216	18	17
(8, 3, 1)	2	0	24101	9719	22	22
(3, 9, 1)	1	0	124020	215	40	39
(9, 3, 1)	2	0	45	4921	9	9
(3, 10, 1)	1	0	10359	179641	9	8
(10, 3, 1)	2	0	179745	7977	8	8
(3, 11, 1)	1	0	24672	21	18	17
(11, 3, 1)	2	0	22	14693	10	10
(3, 12, 1)	1	0	15151	50550	11	10
(12, 3, 1)	2	0	126814	72683	26	26
(3, 13, 1)	1	0	9672	5218	10	9
(13, 3, 1)	2	0	6396	16146	11	11
(3, 14, 1)	1	0	89456	14709	26	25
(14, 3, 1)	1	0	18480	50997	29	28
(3, 15, 1)	1	0	33704	120	15	14
(15, 3, 1)	2	0	78	6671	6	6
(4, 5, 1)	2	0	240	54092	10	10
(5, 4, 1)	1	0	151140	245	19	18
(4, 6, 1)	1	0	709	83384	49	48
(6, 4, 1)	2	0	67089	1341	46	46
(4, 7, 1)	2	0	215	5327	6	6
(7, 4, 1)	2	0	38430	2540	32	32
(4, 8, 1)	1	0	1436	162184	61	60
(8, 4, 1)	1	0	12473	93	10	9
(4, 9, 1)	1	0	1064	412	72	71
(9, 4, 1)	0	0	1221	1971	197	197
(4, 10, 1)	1	0	347	180344	10	9
(10, 4, 1)	2	0	180202	1110	12	12
(4, 11, 1)	1	0	543	89	35	34
(11, 4, 1)	2	0	64	590	45	45
(4, 12, 1)	1	0	3097	148478	39	38
(12, 4, 1)	1	0	57672	634	12	11
(4, 13, 1)	1	0	886	4069	9	8
(13, 4, 1)	2	0	9680	2790	19	19
(4, 14, 1)	1	0	1320	31166	58	57
(14, 4, 1)	2	3	142176	3971	181	180
(4, 15, 1)	1	0	231	174	12	11
(15, 4, 1)	2	0	164	191	10	10
(5, 6, 1)	1	0	171076	47136	43	42
(6, 5, 1)	2	0	14245	45018	16	16
(5, 7, 1)	1	0	45005	5535	8	7
(7, 5, 1)	2	0	8435	54027	11	11
(5, 8, 1)	1	0	108039	18333	20	19
(8, 5, 1)	1	0	5676	27048	7	6
(5, 9, 1)	2	0	157005	147	28	28
(9, 5, 1)	2	0	147	126100	23	23
(5, 10, 1)	1	0	81021	180317	11	10
(10, 5, 1)	2	0	179719	45191	9	9
(5, 11, 1)	1	0	170609	42	29	28
(11, 5, 1)	2	0	13	54016	9	9
(5, 12, 1)	1	0	53934	28203	9	8
(12, 5, 1)	1	0	47168	45212	11	10
(5, 13, 1)	1	0	45016	4180	8	7
(13, 5, 1)	2	0	24877	176174	32	32
(5, 14, 1)	1	0	53954	5417	9	8
(14, 5, 1)	2	3	118229	182319	196	195
(5, 15, 1)	1	0	117022	217	18	17
(15, 5, 1)	2	0	116	45126	10	10
(6, 7, 1)	1	0	12932	13334	14	13
(7, 6, 1)	2	0	32596	27892	31	31
(6, 8, 1)	1	0	71261	93149	59	58
(8, 6, 1)	1	0	14617	9874	13	12
(6, 9, 1)	1	0	93845	460	75	74
(9, 6, 1)	2	0	151	30069	28	28
(6, 10, 1)	2	0	7365	136274	8	8
(10, 6, 1)	2	0	179864	7836	10	10
(6, 11, 1)	1	0	33428	83	28	27
(11, 6, 1)	2	0	65	30643	22	22
(6, 12, 1)	1	0	45046	146118	46	45
(12, 6, 1)	1	0	36360	8805	9	8
(6, 13, 1)	2	0	37296	20741	30	30
(13, 6, 1)	2	0	6506	12208	10	10
(6, 14, 1)	2	4	184597	126032	189	189
(14, 6, 1)	1	0	23999	39189	28	27
(6, 15, 1)	1	0	24021	110	17	16
(15, 6, 1)	2	0	83	9158	10	10
(7, 8, 1)	1	0	28497	16012	21	20
(8, 7, 1)	1	0	8399	6442	8	7
(7, 9, 1)	1	0	12730	116	14	13
(9, 7, 1)	2	0	41	6551	8	8
(7, 10, 1)	1	0	8315	180047	10	9
(10, 7, 1)	1	0	147149	5240	8	7
(7, 11, 1)	2	0	20586	17	23	23
(11, 7, 1)	2	0	21	22214	22	22
(7, 12, 1)	2	0	8381	41828	10	10
(12, 7, 1)	1	0	25591	5740	8	7
(7, 13, 1)	2	0	4636	2338	5	5
(13, 7, 1)	2	0	5446	7419	12	12
(7, 14, 1)	1	0	28373	15571	24	23
(14, 7, 1)	2	0	26357	38345	32	32
(7, 15, 1)	2	0	10155	89	11	11
(15, 7, 1)	2	0	75	6509	8	8
(8, 9, 1)	1	0	16544	70	11	10
(9, 8, 1)	1	0	509	144910	93	92
(8, 10, 1)	1	0	12084	179750	10	9
(10, 8, 1)	2	0	179910	6462	10	10
(8, 11, 1)	1	0	11790	5	10	9
(11, 8, 1)	1	0	131	77606	58	57
(8, 12, 1)	1	0	13309	29190	11	10
(12, 8, 1)	2	4	151096	161987	196	196
(8, 13, 1)	1	0	7512	4492	8	7
(13, 8, 1)	2	0	42733	62907	53	53
(8, 14, 1)	1	0	18599	9777	16	15
(14, 8, 1)	1	4	70918	184574	104	103
(8, 15, 1)	1	0	15269	78	10	9
(15, 8, 1)	1	4	1095	184792	186	185
(9, 10, 1)	2	0	63	177110	9	9
(10, 9, 1)	2	0	180209	80	10	10
(9, 11, 1)	1	0	146	56	23	22
(11, 9, 1)	1	0	34	132	25	24
(9, 12, 1)	2	0	156	126265	29	29
(12, 9, 1)	2	0	148822	204	42	42
(9, 13, 1)	2	0	64	6153	12	12
(13, 9, 1)	1	0	5056	52	11	10
(9, 14, 1)	1	0	227	34273	41	40
(14, 9, 1)	0	0	131752	1118	197	197
(9, 15, 1)	1	0	385	360	47	46
(15, 9, 1)	2	0	197	166	29	29
(10, 11, 1)	2	0	180240	13	10	10
(11, 10, 1)	1	0	19	182200	12	11
(10, 12, 1)	2	0	181222	34917	10	10
(12, 10, 1)	1	0	55703	180318	11	10
(10, 13, 1)	2	0	180210	4825	11	11
(13, 10, 1)	1	0	5129	181770	11	10
(10, 14, 1)	2	0	180529	6560	11	11
(14, 10, 1)	1	0	8713	181241	14	13
(10, 15, 1)	2	0	179882	95	10	10
(15, 10, 1)	1	0	82	180082	11	10
(11, 12, 1)	2	0	32	76702	15	15
(12, 11, 1)	2	0	148976	50	46	46
(11, 13, 1)	2	0	27	12391	26	26
(13, 11, 1)	2	0	6824	28	14	14
(11, 14, 1)	1	4	232	184483	166	165
(14, 11, 1)	2	0	37341	86	55	55
(11, 15, 1)	1	0	80	202	26	25
(15, 11, 1)	2	0	25	17	5	5
(12, 13, 1)	1	0	53891	5571	12	11
(13, 12, 1)	2	0	5154	39492	9	9
(12, 14, 1)	2	0	149444	32640	55	55
(14, 12, 1)	1	0	74430	149100	97	96
(12, 15, 1)	1	0	118265	131	23	22
(15, 12, 1)	2	0	72	22374	10	10
(13, 14, 1)	1	0	75654	75239	68	67
(14, 13, 1)	1	0	27246	26215	42	41
(13, 15, 1)	1	0	5432	52	8	7
(15, 13, 1)	1	0	117	7711	11	10
(14, 15, 1)	2	3	162536	1393	194	193
(15, 14, 1)	1	0	71	6927	11	10
(0, 1, 2)	2	0	54536	73629	13	13
(1, 0, 2)	1	0	29346	33889	9	8
(0, 2, 2)	1	0	28089	13491	11	10
(2, 0, 2)	1	0	20668	30049	13	12
(0, 3, 2)	1	0	23382	26245	12	11
(3, 0, 2)	2	0	13370	24373	20	20
(0, 4, 2)	1	0	21525	306	9	8
(4, 0, 2)	1	0	378	52782	15	14
(0, 5, 2)	1	0	28349	71976	14	13
(5, 0, 2)	2	0	54007	10163	7	7
(0, 6, 2)	1	0	46706	13234	16	15
(6, 0, 2)	2	0	16581	30012	17	17
(0, 7, 2)	1	0	15278	7249	10	9
(7, 0, 2)	2	0	8123	23973	9	9
(0, 8, 2)	1	0	27947	13327	16	15
(8, 0, 2)	2	0	16957	22881	10	10
(0, 9, 2)	1	0	30759	51	11	10
(9, 0, 2)	2	0	69	23870	13	13
(0, 10, 2)	1	0	35845	180423	10	9
(10, 0, 2)	2	0	179912	33886	8	8
(0, 11, 2)	1	0	48843	30	14	13
(11, 0, 2)	2	0	52	38091	15	15
(0, 12, 2)	1	0	30243	58112	16	15
(12, 0, 2)	1	0	77001	67682	19	18
(0, 13, 2)	1	0	15240	4639	10	9
(13, 0, 2)	2	0	3523	14447	7	7
(0, 14, 2)	1	0	41935	6698	12	11
(14, 0, 2)	2	0	8886	38751	14	14
(0, 15, 2)	1	0	24588	103	14	13
(15, 0, 2)	2	0	135	21580	12	12
(1, 2, 2)	2	0	120734	24373	21	21
(2, 1, 2)	1	0	24172	133448	19	18
(1, 3, 2)	1	0	40378	12993	9	8
(3, 1, 2)	1	0	27700	134389	21	20
(1, 4, 2)	1	0	21773	91	10	9
(4, 1, 2)	1	0	4429	167763	36	35
(1, 5, 2)	1	0	30360	53980	9	8
(5, 1, 2)	1	0	36033	42276	6	5
(1, 6, 2)	1	0	62617	10683	12	11
(6, 1, 2)	2	0	12915	49527	11	11
(1, 7, 2)	1	0	19849	6834	8	7
(7, 1, 2)	2	0	7815	22375	9	9
(1, 8, 2)	1	0	69637	16539	15	14
(8, 1, 2)	2	0	19816	97842	18	18
(1, 9, 2)	1	0	41555	69	9	8
(9, 1, 2)	2	0	83	108636	17	17
(1, 10, 2)	1	0	51266	180843	10	9
(10, 1, 2)	2	0	180064	79923	9	9
(1, 11, 2)	1	0	61195	21	10	9
(11, 1, 2)	2	0	65	114600	20	20
(1, 12, 2)	1	0	33701	44255	11	10
(12, 1, 2)	2	0	50881	53187	15	15
(1, 13, 2)	1	0	51515	6744	9	8
(13, 1, 2)	2	0	12896	94915	17	17
(1, 14, 2)	1	0	77458	7340	13	12
(14, 1, 2)	1	0	24040	167275	34	33
(1, 15, 2)	1	0	68830	134	12	11
(15, 1, 2)	2	0	308	136828	25	25
(2, 3, 2)	1	0	14546	17083	17	16
(3, 2, 2)	1	0	25271	13376	16	15
(2, 4, 2)	1	0	17205	390	13	12
(4, 2, 2)	1	0	4743	141392	81	80
(2, 5, 2)	1	0	22809	89957	13	12
(5, 2, 2)	1	0	126082	29395	20	19
(2, 6, 2)	2	0	121455	97490	98	98
(6, 2, 2)	1	0	20238	24371	13	12
(2, 7, 2)	1	0	9355	7104	9	8
(7, 2, 2)	2	0	7323	10854	8	8
(2, 8, 2)	1	0	17601	20945	17	16
(8, 2, 2)	2	0	25621	22601	14	14
(2, 9, 2)	1	0	20708	66	13	12
(9, 2, 2)	2	0	130	21988	16	16
(2, 10, 2)	1	0	19337	180846	11	10
(10, 2, 2)	2	0	180256	21879	10	10
(2, 11, 2)	1	0	17976	55	13	12
(11, 2, 2)	2	0	27	32162	14	14
(2, 12, 2)	2	0	16050	56028	12	12
(12, 2, 2)	1	0	72392	27383	15	14
(2, 13, 2)	1	0	10252	5073	9	8
(13, 2, 2)	2	0	8801	12691	10	10
(2, 14, 2)	1	0	94711	36884	56	55
(14, 2, 2)	2	3	113969	182231	185	184
(2, 15, 2)	1	0	9255	80	10	9
(15, 2, 2)	2	0	195	13805	14	14
(3, 4, 2)	1	0	16191	117	10	9
(4, 3, 2)	2	0	1241	49659	19	19
(3, 5, 2)	1	0	24329	157026	29	28
(5, 3, 2)	2	0	72088	14927	13	13
(3, 6, 2)	2	0	27869	25792	26	26
(6, 3, 2)	2	0	39915	144403	36	36
(3, 7, 2)	1	0	10546	11103	12	11
(7, 3, 2)	2	0	10615	13785	10	10
(3, 8, 2)	1	0	15933	16991	17	16
(8, 3, 2)	2	0	15467	27359	12	12
(3, 9, 2)	1	0	38968	180	31	30
(9, 3, 2)	1	0	102	83974	17	16
(3, 10, 2)	1	0	18837	180302	11	10
(10, 3, 2)	2	0	180553	28726	10	10
(3, 11, 2)	1	0	25897	12	19	18
(11, 3, 2)	2	0	79	104573	29	29
(3, 12, 2)	2	0	23711	65476	15	15
(12, 3, 2)	2	0	118534	46502	24	24
(3, 13, 2)	1	0	16469	4812	9	8
(13, 3, 2)	2	0	6528	28547	12	12
(3, 14, 2)	1	0	50253	16280	27	26
(14, 3, 2)	2	0	28554	166861	43	43
(3, 15, 2)	1	0	34715	160	23	22
(15, 3, 2)	2	0	119	47383	17	17
(4, 5, 2)	1	0	2402	178066	34	33
(5, 4, 2)	1	0	170585	987	27	26
(4, 6, 2)	2	0	1290	28419	23	23
(6, 4, 2)	1	0	17748	185	15	14
(4, 7, 2)	1	0	4305	28600	23	22
(7, 4, 2)	1	0	14319	1629	14	13
(4, 8, 2)	2	0	347	11139	9	9
(8, 4, 2)	2	4	91741	2782	22	22
(4, 9, 2)	2	0	213	104	19	19
(9, 4, 2)	1	0	163	387	25	24
(4, 10, 2)	1	0	781	180632	12	11
(10, 4, 2)	2	0	180552	325	11	11
(4, 11, 2)	1	0	1604	160	59	58
(11, 4, 2)	2	0	90	5424	59	59
(4, 12, 2)	2	0	1750	135981	30	30
(12, 4, 2)	2	0	139935	2898	31	31
(4, 13, 2)	1	0	550	4823	9	8
(13, 4, 2)	1	0	4552	82	7	6
(4, 14, 2)	1	0	1921	26465	49	48
(14, 4, 2)	2	0	43971	2106	80	80
(4, 15, 2)	1	0	3441	221	33	32
(15, 4, 2)	2	0	267	1181	31	31
(5, 6, 2)	2	0	177521	74031	42	42
(6, 5, 2)	1	0	47116	178416	36	35
(5, 7, 2)	1	0	54023	7485	10	9
(7, 5, 2)	2	0	7042	54017	9	9
(5, 8, 2)	2	0	72036	11812	9	9
(8, 5, 2)	2	0	17676	99024	16	16
(5, 9, 2)	1	0	72016	73	12	11
(9, 5, 2)	2	0	152	176100	28	28
(5, 10, 2)	2	0	53992	88350	7	7
(10, 5, 2)	1	0	171478	45099	11	10
(5, 11, 2)	1	0	54127	15	10	9
(11, 5, 2)	2	0	35	81044	14	14
(5, 12, 2)	2	0	63021	48783	11	11
(12, 5, 2)	1	0	62962	90002	14	13
(5, 13, 2)	1	0	168265	18598	25	24
(13, 5, 2)	2	0	8877	72145	13	13
(5, 14, 2)	1	0	99011	12267	17	16
(14, 5, 2)	2	0	21339	176902	35	35
(5, 15, 2)	1	0	54075	99	14	13
(15, 5, 2)	2	0	134	54015	17	17
(6, 7, 2)	1	0	14457	8477	11	10
(7, 6, 2)	2	0	69449	87703	63	63
(6, 8, 2)	1	0	25521	27987	28	27
(8, 6, 2)	2	0	67792	70801	54	54
(6, 9, 2)	1	0	16915	58	13	12
(9, 6, 2)	2	0	83	18301	15	15
(6, 10, 2)	1	0	11211	180328	11	10
(10, 6, 2)	2	0	180898	12771	10	10
(6, 11, 2)	1	0	122477	217	86	85
(11, 6, 2)	0	0	223	162333	198	197
(6, 12, 2)	2	0	39742	142351	36	36
(12, 6, 2)	1	0	41751	11507	11	10
(6, 13, 2)	1	0	13986	5890	10	9
(13, 6, 2)	1	0	4610	5742	7	6
(6, 14, 2)	1	0	122037	79264	79	78
(14, 6, 2)	1	4	137271	184960	139	138
(6, 15, 2)	1	0	14292	84	11	10
(15, 6, 2)	2	0	79	11423	9	9
(7, 8, 2)	2	0	12626	16259	11	11
(8, 7, 2)	2	0	26760	32150	23	23
(7, 9, 2)	1	0	11797	115	12	11
(9, 7, 2)	2	0	137	15283	15	15
(7, 10, 2)	1	0	5785	180168	10	9
(10, 7, 2)	1	0	148105	5288	8	7
(7, 11, 2)	1	0	8288	15	9	8
(11, 7, 2)	2	0	21	7030	8	8
(7, 12, 2)	2	0	9271	48726	12	12
(12, 7, 2)	1	0	40453	8848	11	10
(7, 13, 2)	1	0	6009	3256	8	7
(13, 7, 2)	1	0	5464	8290	11	10
(7, 14, 2)	1	0	91152	41280	59	58
(14, 7, 2)	1	0	15943	23805	20	19
(7, 15, 2)	1	0	27271	153	21	20
(15, 7, 2)	2	0	90	18651	18	18
(8, 9, 2)	2	0	137466	618	106	106
(9, 8, 2)	2	0	185	59141	36	36
(8, 10, 2)	2	0	15310	175784	9	9
(10, 8, 2)	2	0	179830	6947	8	8
(8, 11, 2)	1	0	103043	167	52	51
(11, 8, 2)	2	0	23	24607	14	14
(8, 12, 2)	1	0	126076	149075	93	92
(12, 8, 2)	2	0	69702	22960	20	20
(8, 13, 2)	2	0	51072	27214	33	33
(13, 8, 2)	2	0	4660	11362	7	7
(8, 14, 2)	2	0	84881	20738	24	24
(14, 8, 2)	2	0	22243	41197	29	29
(8, 15, 2)	0	0	175515	1195	198	197
(15, 8, 2)	2	0	100	16863	10	10
(9, 10, 2)	1	0	111	181430	12	11
(10, 9, 2)	2	0	180286	55	10	10
(9, 11, 2)	1	0	172	122	34	33
(11, 9, 2)	2	0	142	529	92	92
(9, 12, 2)	2	0	80	56592	12	12
(12, 9, 2)	1	0	43660	41	9	8
(9, 13, 2)	1	0	76	6868	15	14
(13, 9, 2)	1	0	2835	33	7	6
(9, 14, 2)	1	0	108	10978	18	17
(14, 9, 2)	2	0	103212	573	95	95
(9, 15, 2)	2	0	212	134	14	14
(15, 9, 2)	2	0	269	162	27	27
(10, 11, 2)	2	0	180639	36	11	11
(11, 10, 2)	1	0	16	179901	12	11
(10, 12, 2)	1	0	149499	36943	9	8
(12, 10, 2)	2	0	48959	177550	10	10
(10, 13, 2)	1	0	125608	3115	8	7
(13, 10, 2)	2	0	3383	119593	8	8
(10, 14, 2)	2	0	181121	9470	13	13
(14, 10, 2)	1	0	8557	181085	14	13
(10, 15, 2)	2	0	180440	110	9	9
(15, 10, 2)	2	0	98	179054	10	10
(11, 12, 2)	2	0	22	36842	9	9
(12, 11, 2)	1	0	42918	16	10	9
(11, 13, 2)	1	0	38	9473	22	21
(13, 11, 2)	2	0	8214	48	17	17
(11, 14, 2)	1	4	207	184081	169	168
(14, 11, 2)	2	4	184103	254	172	172
(11, 15, 2)	1	0	55	325	46	45
(15, 11, 2)	2	0	339	134	51	51
(12, 13, 2)	1	0	69580	8142	14	13
(13, 12, 2)	2	0	4410	14704	7	7
(12, 14, 2)	1	0	118949	13803	21	20
(14, 12, 2)	2	0	10055	48799	14	14
(12, 15, 2)	1	0	76935	128	15	14
(15, 12, 2)	2	0	78	36226	11	11
(13, 14, 2)	1	0	4522	3830	7	6
(14, 13, 2)	1	0	21276	18989	20	19
(13, 15, 2)	1	0	4849	75	7	6
(15, 13, 2)	2	0	134	9354	14	14
(14, 15, 2)	2	3	135590	1419	192	191
(15, 14, 2)	1	3	1615	166513	194	194
(0, 1, 3)	1	0	16568	41088	6	5
(1, 0, 3)	1	0	14996	9552	8	7
(0, 2, 3)	1	0	60528	13939	22	21
(2, 0, 3)	2	0	1462	10187	7	7
(0, 3, 3)	1	0	10116	25529	13	12
(3, 0, 3)	2	0	3368	9509	15	15
(0, 4, 3)	1	0	9146	15	4	3
(4, 0, 3)	2	0	28	365	2	2
(0, 5, 3)	1	0	24699	71997	12	11
(5, 0, 3)	2	0	54016	9267	9	9
(0, 6, 3)	1	0	9270	1969	4	3
(6, 0, 3)	2	0	3871	9323	5	5
(0, 7, 3)	1	0	9541	2438	4	3
(7, 0, 3)	1	0	7197	10071	8	7
(0, 8, 3)	1	0	9177	2327	4	3
(8, 0, 3)	1	0	6522	9594	8	7
(0, 9, 3)	1	0	9365	30	4	3
(9, 0, 3)	2	0	59	9672	8	8
(0, 10, 3)	1	0	9069	2986	4	3
(10, 0, 3)	2	0	121327	9177	9	9
(0, 11, 3)	1	0	9512	17	4	3
(11, 0, 3)	2	0	21	9596	15	15
(0, 12, 3)	1	0	15515	50084	14	13
(12, 0, 3)	2	0	34970	10615	8	8
(0, 13, 3)	1	0	9120	1515	4	3
(13, 0, 3)	2	0	5368	9598	6	6
(0, 14, 3)	1	0	9328	1922	4	3
(14, 0, 3)	1	0	17966	86660	30	29
(0, 15, 3)	1	0	9005	63	4	3
(15, 0, 3)	1	0	110	9682	11	10
(1, 2, 3)	1	0	83372	9379	19	18
(2, 1, 3)	2	0	1515	25622	6	6
(1, 3, 3)	1	0	43344	25154	10	9
(3, 1, 3)	2	0	7293	27632	8	8
(1, 4, 3)	1	0	2583	16	4	3
(4, 1, 3)	2	0	12	11	2	2
(1, 5, 3)	1	0	62943	81062	13	12
(5, 1, 3)	2	0	54033	26107	9	9
(1, 6, 3)	1	0	2570	2064	4	3
(6, 1, 3)	2	0	3526	25917	5	5
(1, 7, 3)	1	0	2600	2298	4	3
(7, 1, 3)	1	0	10295	88633	12	11
(1, 8, 3)	1	0	2586	1939	4	3
(8, 1, 3)	1	0	4203	15229	6	5
(1, 9, 3)	1	0	2849	45	4	3
(9, 1, 3)	2	0	47	28098	6	6
(1, 10, 3)	1	0	2614	2952	4	3
(10, 1, 3)	2	0	121329	25860	9	9
(1, 11, 3)	1	0	2758	20	4	3
(11, 1, 3)	2	0	11	25700	6	6
(1, 12, 3)	1	0	38854	35415	11	10
(12, 1, 3)	2	0	33540	26996	8	8
(1, 13, 3)	1	0	2711	2221	4	3
(13, 1, 3)	2	0	4684	25877	6	6
(1, 14, 3)	1	0	3319	1843	4	3
(14, 1, 3)	2	0	7576	70675	12	12
(1, 15, 3)	1	0	2554	48	4	3
(15, 1, 3)	2	0	92	29690	6	6
(2, 3, 3)	2	0	4411	23516	13	13
(3, 2, 3)	1	0	28393	9033	16	15
(2, 4, 3)	1	0	349	15	4	3
(4, 2, 3)	2	0	27	40	2	2
(2, 5, 3)	1	0	1508	35994	6	5
(5, 2, 3)	1	0	72031	5269	17	16
(2, 6, 3)	1	0	443	2374	4	3
(6, 2, 3)	2	0	13304	4756	10	10
(2, 7, 3)	1	0	382	2577	4	3
(7, 2, 3)	2	0	5802	976	7	7
(2, 8, 3)	1	0	381	1797	4	3
(8, 2, 3)	1	0	17654	6299	17	16
(2, 9, 3)	1	0	395	62	4	3
(9, 2, 3)	2	0	39	1069	7	7
(2, 10, 3)	1	0	441	2950	4	3
(10, 2, 3)	2	0	180923	3558	9	9
(2, 11, 3)	1	0	335	21	4	3
(11, 2, 3)	2	0	42	772	4	4
(2, 12, 3)	2	0	2093	16767	8	8
(12, 2, 3)	1	0	107509	18143	25	24
(2, 13, 3)	1	0	367	1875	4	3
(13, 2, 3)	2	0	3630	834	4	4
(2, 14, 3)	1	0	381	2016	4	3
(14, 2, 3)	2	0	6426	1228	7	7
(2, 15, 3)	1	0	381	63	4	3
(15, 2, 3)	2	0	97	944	7	7
(3, 4, 3)	1	0	2269	15	4	3
(4, 3, 3)	2	0	11	1011	2	2
(3, 5, 3)	1	0	11727	54102	11	10
(5, 3, 3)	2	0	36042	17094	9	9
(3, 6, 3)	1	0	2395	1844	4	3
(6, 3, 3)	1	0	23158	40434	19	18
(3, 7, 3)	1	0	2505	2785	4	3
(7, 3, 3)	2	0	4870	10401	5	5
(3, 8, 3)	1	0	2536	1826	4	3
(8, 3, 3)	1	0	11040	37756	14	13
(3, 9, 3)	1	0	2381	17	4	3
(9, 3, 3)	1	0	84	33748	16	15
(3, 10, 3)	1	0	2392	2937	4	3
(10, 3, 3)	2	0	179777	17156	9	9
(3, 11, 3)	1	0	2427	20	4	3
(11, 3, 3)	2	0	26	17145	7	7
(3, 12, 3)	1	0	11730	51299	17	16
(12, 3, 3)	1	0	62642	42154	21	20
(3, 13, 3)	1	0	2224	1624	4	3
(13, 3, 3)	2	0	4136	17026	7	7
(3, 14, 3)	1	0	2239	1734	4	3
(14, 3, 3)	2	0	3464	10447	5	5
(3, 15, 3)	1	0	2380	43	4	3
(15, 3, 3)	2	0	65	10399	6	6
(4, 5, 3)	2	0	11	72	2	2
(5, 4, 3)	1	0	9034	15	4	3
(4, 6, 3)	2	0	11	1632	2	2
(6, 4, 3)	1	0	2804	31	4	3
(4, 7, 3)	2	0	12	1652	2	2
(7, 4, 3)	1	0	3003	16	4	3
(4, 8, 3)	2	0	11	1464	2	2
(8, 4, 3)	1	0	2271	33	4	3
(4, 9, 3)	2	0	25	26	2	2
(9, 4, 3)	1	0	22	16	4	3
(4, 10, 3)	2	0	11	2838	2	2
(10, 4, 3)	1	0	3129	18	4	3
(4, 11, 3)	2	0	12	6	2	2
(11, 4, 3)	1	0	26	15	4	3
(4, 12, 3)	2	0	10	58	2	2
(12, 4, 3)	1	0	7490	17	4	3
(4, 13, 3)	2	0	9	1041	2	2
(13, 4, 3)	1	0	2052	46	4	3
(4, 14, 3)	2	0	11	1104	2	2
(14, 4, 3)	1	0	2208	16	4	3
(4, 15, 3)	2	0	8	73	2	2
(15, 4, 3)	1	0	53	32	4	3
(5, 6, 3)	1	0	9035	2110	4	3
(6, 5, 3)	1	0	5668	36026	6	5
(5, 7, 3)	1	0	9064	2203	4	3
(7, 5, 3)	2	0	12144	81073	17	17
(5, 8, 3)	1	0	9085	1530	4	3
(8, 5, 3)	1	0	22029	90057	21	20
(5, 9, 3)	1	0	9068	32	4	3
(9, 5, 3)	2	0	299	180031	54	54
(5, 10, 3)	1	0	9066	2987	4	3
(10, 5, 3)	1	0	62736	36011	6	5
(5, 11, 3)	1	0	9053	11	4	3
(11, 5, 3)	1	0	14	45015	7	6
(5, 12, 3)	2	0	27089	14006	8	8
(12, 5, 3)	1	0	14531	36028	6	5
(5, 13, 3)	1	0	9067	1719	4	3
(13, 5, 3)	1	0	3498	36058	6	5
(5, 14, 3)	1	0	9034	2626	4	3
(14, 5, 3)	2	0	9994	54127	12	12
(5, 15, 3)	1	0	9051	49	4	3
(15, 5, 3)	2	0	235	63095	15	15
(6, 7, 3)	1	0	2490	2487	4	3
(7, 6, 3)	1	0	3099	1846	4	3
(6, 8, 3)	1	0	2396	1797	4	3
(8, 6, 3)	1	0	2491	1877	4	3
(6, 9, 3)	1	0	3360	17	4	3
(9, 6, 3)	1	0	24	2781	4	3
(6, 10, 3)	1	0	2397	3031	4	3
(10, 6, 3)	1	0	3130	1905	4	3
(6, 11, 3)	1	0	3773	10	4	3
(11, 6, 3)	1	0	52	2687	4	3
(6, 12, 3)	2	0	13981	33426	13	13
(12, 6, 3)	1	0	7454	2500	4	3
(6, 13, 3)	1	0	2190	1638	4	3
(13, 6, 3)	1	0	2677	2062	4	3
(6, 14, 3)	1	0	2585	1891	4	3
(14, 6, 3)	1	0	4599	3407	4	3
(6, 15, 3)	1	0	2676	47	4	3
(15, 6, 3)	1	0	52	2438	4	3
(7, 8, 3)	1	0	3348	1983	4	3
(8, 7, 3)	1	0	2662	2829	4	3
(7, 9, 3)	1	0	2880	16	4	3
(9, 7, 3)	1	0	54	2093	4	3
(7, 10, 3)	1	0	2690	2967	4	3
(10, 7, 3)	1	0	2986	1594	4	3
(7, 11, 3)	1	0	2819	5	4	3
(11, 7, 3)	1	0	16	2060	4	3
(7, 12, 3)	2	0	5053	34953	7	7
(12, 7, 3)	1	0	7454	2291	4	3
(7, 13, 3)	1	0	2723	1453	4	3
(13, 7, 3)	1	0	1896	2283	4	3
(7, 14, 3)	1	0	4271	2672	4	3
(14, 7, 3)	1	0	3413	2625	4	3
(7, 15, 3)	1	0	3287	31	4	3
(15, 7, 3)	1	0	21	3391	4	3
(8, 9, 3)	1	0	2566	17	4	3
(9, 8, 3)	1	0	17	2421	4	3
(8, 10, 3)	1	0	2349	2954	4	3
(10, 8, 3)	1	0	3081	1500	4	3
(8, 11, 3)	1	0	2707	6	4	3
(11, 8, 3)	1	0	5	1891	4	3
(8, 12, 3)	2	0	21196	69808	23	23
(12, 8, 3)	1	0	7452	2452	4	3
(8, 13, 3)	1	0	2691	1921	4	3
(13, 8, 3)	1	0	2741	1985	4	3
(8, 14, 3)	1	0	3502	2514	4	3
(14, 8, 3)	1	0	3145	2422	4	3
(8, 15, 3)	1	0	2661	62	4	3
(15, 8, 3)	1	0	52	2000	4	3
(9, 10, 3)	1	0	40	2985	4	3
(10, 9, 3)	1	0	3051	31	4	3
(9, 11, 3)	1	0	35	27	4	3
(11, 9, 3)	1	0	33	17	4	3
(9, 12, 3)	2	0	46	30527	8	8
(12, 9, 3)	1	0	7504	48	4	3
(9, 13, 3)	1	0	24	1157	4	3
(13, 9, 3)	1	0	2091	16	4	3
(9, 14, 3)	1	0	38	1876	4	3
(14, 9, 3)	1	0	4535	14	4	3
(9, 15, 3)	1	0	22	126	4	3
(15, 9, 3)	1	0	37	30	4	3
(10, 11, 3)	1	0	3080	10	4	3
(11, 10, 3)	1	0	11	3049	4	3
(10, 12, 3)	2	0	67448	16064	8	8
(12, 10, 3)	1	0	7432	2950	4	3
(10, 13, 3)	1	0	3030	2094	4	3
(13, 10, 3)	1	0	2677	3107	4	3
(10, 14, 3)	1	0	3036	2156	4	3
(14, 10, 3)	1	0	3802	2952	4	3
(10, 15, 3)	1	0	3046	57	4	3
(15, 10, 3)	1	0	85	2969	4	3
(11, 12, 3)	2	0	10	30401	8	8
(12, 11, 3)	1	0	7573	5	4	3
(11, 13, 3)	1	0	12	1453	4	3
(13, 11, 3)	1	0	1856	21	4	3
(11, 14, 3)	1	0	6	1953	4	3
(14, 11, 3)	1	0	3439	0	4	3
(11, 15, 3)	1	0	6	51	4	3
(15, 11, 3)	1	0	47	0	4	3
(12, 13, 3)	1	0	7432	1688	4	3
(13, 12, 3)	2	0	4907	13969	8	8
(12, 14, 3)	1	0	7322	2971	4	3
(14, 12, 3)	1	0	25946	148964	41	40
(12, 15, 3)	1	0	7531	46	4	3
(15, 12, 3)	2	0	120	40654	9	9
(13, 14, 3)	1	0	4397	3078	4	3
(14, 13, 3)	1	0	2722	2062	4	3
(13, 15, 3)	1	0	2784	79	4	3
(15, 13, 3)	1	0	38	1953	4	3
(14, 15, 3)	1	0	2882	31	4	3
(15, 14, 3)	1	0	21	2142	4	3
(0, 1, 4)	2	0	56638	90354	16	16
(1, 0, 4)	1	0	68373	39412	12	11
(0, 2, 4)	2	0	96873	43426	24	24
(2, 0, 4)	2	0	23059	27902	24	24
(0, 3, 4)	1	0	34925	12942	14	13
(3, 0, 4)	2	0	12045	26438	19	19
(0, 4, 4)	1	0	28793	26322	12	11
(4, 0, 4)	1	0	4784	73647	19	18
(0, 5, 4)	1	0	12526	54110	10	9
(5, 0, 4)	1	0	90166	69612	17	16
(0, 6, 4)	1	0	23379	6539	9	8
(6, 0, 4)	2	0	20317	27903	19	19
(0, 7, 4)	1	0	12730	6498	10	9
(7, 0, 4)	2	0	9922	17683	12	12
(0, 8, 4)	1	0	14964	14620	19	18
(8, 0, 4)	2	0	12712	17888	11	11
(0, 9, 4)	2	0	43307	80	15	15
(9, 0, 4)	1	0	145	80360	28	27
(0, 10, 4)	1	0	32659	180163	11	10
(10, 0, 4)	2	0	176918	22692	10	10
(0, 11, 4)	1	0	32430	11	10	9
(11, 0, 4)	2	0	28	41920	17	17
(0, 12, 4)	1	0	19292	28343	7	6
(12, 0, 4)	2	0	76771	67437	14	14
(0, 13, 4)	1	0	33190	6311	10	9
(13, 0, 4)	2	0	9127	23551	13	13
(0, 14, 4)	1	0	38063	9124	16	15
(14, 0, 4)	2	0	7209	25968	12	12
(0, 15, 4)	2	0	44578	149	19	19
(15, 0, 4)	2	0	130	25691	13	13
(1, 2, 4)	2	0	100010	21554	13	13
(2, 1, 4)	2	0	21792	69652	11	11
(1, 3, 4)	1	0	51361	7982	13	12
(3, 1, 4)	2	0	33885	93742	19	19
(1, 4, 4)	2	0	176430	3559	54	54
(4, 1, 4)	1	0	2461	127850	18	17
(1, 5, 4)	1	0	34249	63157	10	9
(5, 1, 4)	2	0	80970	85236	12	12
(1, 6, 4)	1	0	178283	69448	71	70
(6, 1, 4)	2	0	10842	45765	12	12
(1, 7, 4)	1	0	30585	6824	9	8
(7, 1, 4)	2	0	12720	93304	15	15
(1, 8, 4)	1	0	78743	14886	16	15
(8, 1, 4)	2	0	74068	161796	35	35
(1, 9, 4)	2	0	114271	128	16	16
(9, 1, 4)	2	0	67	64720	12	12
(1, 10, 4)	1	0	75288	179733	10	9
(10, 1, 4)	2	0	180202	71719	9	9
(1, 11, 4)	1	0	109549	49	18	17
(11, 1, 4)	2	0	62	62211	12	12
(1, 12, 4)	2	0	146732	128103	27	27
(12, 1, 4)	2	0	71238	78542	14	14
(1, 13, 4)	1	0	74235	8775	15	14
(13, 1, 4)	2	0	22699	153736	36	36
(1, 14, 4)	1	0	52163	5471	10	9
(14, 1, 4)	2	0	12520	123036	19	19
(1, 15, 4)	1	0	42344	123	10	9
(15, 1, 4)	2	0	148	32869	11	11
(2, 3, 4)	1	0	31247	37208	26	25
(3, 2, 4)	1	0	50325	27906	24	23
(2, 4, 4)	1	0	64858	3484	28	27
(4, 2, 4)	2	0	29859	23464	12	12
(2, 5, 4)	1	0	23881	151049	19	18
(5, 2, 4)	2	0	165266	39897	24	24
(2, 6, 4)	2	0	93731	62390	56	56
(6, 2, 4)	2	0	24704	31029	23	23
(2, 7, 4)	1	0	23548	10869	12	11
(7, 2, 4)	2	0	11731	26611	12	12
(2, 8, 4)	2	0	16077	13529	9	9
(8, 2, 4)	2	0	49378	53195	25	25
(2, 9, 4)	1	0	56310	149	29	28
(9, 2, 4)	2	0	96	15111	13	13
(2, 10, 4)	1	0	31592	180762	12	11
(10, 2, 4)	2	0	180000	17955	9	9
(2, 11, 4)	1	0	51817	6	22	21
(11, 2, 4)	2	0	16	19534	9	9
(2, 12, 4)	1	0	42598	123114	26	25
(12, 2, 4)	2	0	99659	23094	21	21
(2, 13, 4)	1	0	13677	5234	7	6
(13, 2, 4)	2	0	5392	12747	9	9
(2, 14, 4)	1	0	60351	23902	28	27
(14, 2, 4)	2	0	10751	24832	15	15
(2, 15, 4)	1	0	23009	137	18	17
(15, 2, 4)	2	0	128	12687	9	9
(3, 4, 4)	1	0	7900	538	8	7
(4, 3, 4)	2	0	1117	31131	16	16
(3, 5, 4)	2	0	7183	81035	15	15
(5, 3, 4)	1	0	90042	10567	17	16
(3, 6, 4)	2	0	117265	64474	56	56
(6, 3, 4)	2	0	9553	26365	10	10
(3, 7, 4)	1	0	4419	7050	8	7
(7, 3, 4)	1	0	11719	6323	12	11
(3, 8, 4)	1	0	14701	22402	20	19
(8, 3, 4)	2	0	23200	25420	18	18
(3, 9, 4)	1	0	15172	75	12	11
(9, 3, 4)	2	0	81	28831	13	13
(3, 10, 4)	1	0	9905	179941	10	9
(10, 3, 4)	2	0	179774	7911	10	10
(3, 11, 4)	1	0	6038	14	13	12
(11, 3, 4)	1	0	29	61376	31	30
(3, 12, 4)	1	0	7941	49998	10	9
(12, 3, 4)	2	0	131405	66563	28	28
(3, 13, 4)	1	0	32831	11739	18	17
(13, 3, 4)	2	0	8042	11447	14	14
(3, 14, 4)	1	0	29978	11405	19	18
(14, 3, 4)	2	0	10285	25293	16	16
(3, 15, 4)	1	0	8479	100	8	7
(15, 3, 4)	2	0	92	11077	9	9
(4, 5, 4)	2	0	2904	99025	15	15
(5, 4, 4)	2	0	179539	7125	37	37
(4, 6, 4)	1	0	3978	78655	53	52
(6, 4, 4)	2	0	46529	1255	35	35
(4, 7, 4)	2	0	1480	19869	17	17
(7, 4, 4)	1	0	8312	61	9	8
(4, 8, 4)	2	0	719	24159	18	18
(8, 4, 4)	2	4	98534	2009	28	28
(4, 9, 4)	2	0	795	158	28	28
(9, 4, 4)	0	0	1037	1357	199	198
(4, 10, 4)	1	0	558	180317	11	10
(10, 4, 4)	1	0	88586	92	7	6
(4, 11, 4)	1	0	776	31	35	34
(11, 4, 4)	2	0	53	1093	36	36
(4, 12, 4)	1	0	5776	148833	60	59
(12, 4, 4)	2	0	148979	1320	39	39
(4, 13, 4)	1	0	643	4703	10	9
(13, 4, 4)	2	0	30424	2883	55	55
(4, 14, 4)	1	3	1955	148291	185	185
(14, 4, 4)	2	0	30471	5962	55	55
(4, 15, 4)	1	0	7204	379	39	38
(15, 4, 4)	2	0	157	2968	21	21
(5, 6, 4)	1	0	72045	9363	11	10
(6, 5, 4)	2	0	32894	170615	37	37
(5, 7, 4)	1	0	54043	5530	10	9
(7, 5, 4)	1	0	8450	80993	11	10
(5, 8, 4)	1	0	108113	20046	24	23
(8, 5, 4)	2	0	18139	117052	18	18
(5, 9, 4)	1	0	175136	158	29	28
(9, 5, 4)	2	0	47	44968	9	9
(5, 10, 4)	1	0	71999	179792	9	8
(10, 5, 4)	2	0	180069	53974	9	9
(5, 11, 4)	1	0	54038	42	10	9
(11, 5, 4)	2	0	56	135072	21	21
(5, 12, 4)	1	0	90138	60521	18	17
(12, 5, 4)	2	0	51252	54078	12	12
(5, 13, 4)	1	0	53935	4838	9	8
(13, 5, 4)	2	0	8893	63212	13	13
(5, 14, 4)	1	0	54104	9061	12	11
(14, 5, 4)	2	0	15822	151217	26	26
(5, 15, 4)	1	0	144006	159	22	21
(15, 5, 4)	2	0	285	161570	25	25
(6, 7, 4)	1	0	16141	15155	18	17
(7, 6, 4)	2	0	52158	55635	49	49
(6, 8, 4)	2	0	7373	12216	9	9
(8, 6, 4)	2	0	90326	50244	44	44
(6, 9, 4)	1	0	47449	221	40	39
(9, 6, 4)	1	0	118	21670	20	19
(6, 10, 4)	1	0	8772	180048	10	9
(10, 6, 4)	2	0	180598	7697	11	11
(6, 11, 4)	1	0	68072	109	66	65
(11, 6, 4)	2	0	27	47737	33	33
(6, 12, 4)	1	0	46977	141002	40	39
(12, 6, 4)	2	0	148738	50914	54	54
(6, 13, 4)	1	0	11320	6998	14	13
(13, 6, 4)	2	0	6470	12268	12	12
(6, 14, 4)	2	4	184861	123091	184	184
(14, 6, 4)	2	0	9808	15185	11	11
(6, 15, 4)	1	0	32530	196	28	27
(15, 6, 4)	2	0	100	10444	10	10
(7, 8, 4)	2	0	18823	17712	17	17
(8, 7, 4)	2	0	19842	19095	15	15
(7, 9, 4)	2	0	17679	115	19	19
(9, 7, 4)	2	0	119	20331	21	21
(7, 10, 4)	2	0	6279	127251	9	9
(10, 7, 4)	1	0	92151	4366	8	7
(7, 11, 4)	2	0	36402	53	33	33
(11, 7, 4)	1	0	74	25779	25	24
(7, 12, 4)	2	0	23960	128888	27	27
(12, 7, 4)	1	0	50747	7472	10	9
(7, 13, 4)	1	0	8998	5810	12	11
(13, 7, 4)	2	0	7988	13941	16	16
(7, 14, 4)	1	0	30357	22201	26	25
(14, 7, 4)	2	0	34434	53057	39	39
(7, 15, 4)	1	0	21235	172	22	21
(15, 7, 4)	2	0	61	7967	9	9
(8, 9, 4)	2	0	91059	479	83	83
(9, 8, 4)	1	0	145	33344	25	24
(8, 10, 4)	2	0	14997	177655	9	9
(10, 8, 4)	2	0	180029	10298	9	9
(8, 11, 4)	2	0	129376	42	46	46
(11, 8, 4)	1	0	73	25275	23	22
(8, 12, 4)	2	0	81460	148741	41	41
(12, 8, 4)	2	0	51263	12779	12	12
(8, 13, 4)	2	0	57012	32308	50	50
(13, 8, 4)	2	0	22934	51527	35	35
(8, 14, 4)	2	4	184512	97364	138	138
(14, 8, 4)	2	0	5718	13373	9	9
(8, 15, 4)	1	0	63547	214	26	25
(15, 8, 4)	2	0	61	14652	8	8
(9, 10, 4)	1	0	77	181840	12	11
(10, 9, 4)	2	0	180133	78	11	11
(9, 11, 4)	1	0	154	42	29	28
(11, 9, 4)	2	0	117	473	83	83
(9, 12, 4)	1	0	315	148647	62	61
(12, 9, 4)	1	0	122658	162	24	23
(9, 13, 4)	2	0	364	27139	55	55
(13, 9, 4)	2	0	31591	324	59	59
(9, 14, 4)	1	0	279	33122	50	49
(14, 9, 4)	1	0	51778	239	45	44
(9, 15, 4)	1	0	192	230	37	36
(15, 9, 4)	2	0	179	148	20	20
(10, 11, 4)	2	0	180547	26	11	11
(11, 10, 4)	1	0	16	180741	14	13
(10, 12, 4)	1	0	150940	37344	10	9
(12, 10, 4)	1	0	58868	179802	11	10
(10, 13, 4)	1	0	178040	3359	10	9
(13, 10, 4)	1	0	6000	181503	13	12
(10, 14, 4)	2	0	181506	13129	16	16
(14, 10, 4)	1	0	6133	180718	10	9
(10, 15, 4)	2	0	179752	82	9	9
(15, 10, 4)	1	0	96	179867	11	10
(11, 12, 4)	2	0	38	118726	22	22
(12, 11, 4)	2	0	148757	73	41	41
(11, 13, 4)	1	0	38	18612	37	36
(13, 11, 4)	1	0	16963	13	30	29
(11, 14, 4)	1	0	128	37242	55	54
(14, 11, 4)	2	0	6442	27	10	10
(11, 15, 4)	1	0	109	531	28	27
(15, 11, 4)	2	0	122	26	11	11
(12, 13, 4)	1	0	42465	5125	10	9
(13, 12, 4)	2	0	4478	49903	13	13
(12, 14, 4)	1	0	57484	8660	13	12
(14, 12, 4)	2	0	18126	129591	28	28
(12, 15, 4)	1	0	93940	138	20	19
(15, 12, 4)	2	0	72	28092	8	8
(13, 14, 4)	2	0	16831	17262	20	20
(14, 13, 4)	2	4	184600	182146	181	181
(13, 15, 4)	1	0	8307	53	11	10
(15, 13, 4)	2	0	45	6844	10	10
(14, 15, 4)	2	0	42946	352	64	64
(15, 14, 4)	1	3	1209	137132	194	194
(0, 1, 5)	2	0	60207	85285	15	15
(1, 0, 5)	2	0	57002	14823	9	9
(0, 2, 5)	2	0	26333	15300	10	10
(2, 0, 5)	1	0	54848	92768	19	18
(0, 3, 5)	2	0	57593	15395	18	18
(3, 0, 5)	1	0	5552	17049	14	13
(0, 4, 5)	2	4	6911	5	1	1
(4, 0, 5)	1	0	2435	166506	38	37
(0, 5, 5)	2	4	6615	9052	1	1
(5, 0, 5)	1	0	81034	29451	19	18
(0, 6, 5)	1	0	32514	10729	15	14
(6, 0, 5)	2	0	15162	34540	19	19
(0, 7, 5)	1	0	15330	10979	13	12
(7, 0, 5)	2	0	11344	9937	12	12
(0, 8, 5)	1	0	24216	14493	17	16
(8, 0, 5)	1	0	29441	49560	21	20
(0, 9, 5)	2	4	6582	52	1	1
(9, 0, 5)	2	0	108	51186	17	17
(0, 10, 5)	1	0	38886	179985	10	9
(10, 0, 5)	2	0	179971	26214	9	9
(0, 11, 5)	2	4	6692	21	1	1
(11, 0, 5)	2	0	44	31556	15	15
(0, 12, 5)	2	0	83633	87931	22	22
(12, 0, 5)	2	0	41861	13522	9	9
(0, 13, 5)	2	4	7006	677	1	1
(13, 0, 5)	2	0	8330	15057	9	9
(0, 14, 5)	1	0	63431	13386	21	20
(14, 0, 5)	2	0	10794	22469	17	17
(0, 15, 5)	1	0	34539	179	15	14
(15, 0, 5)	2	0	70	33921	11	11
(1, 2, 5)	2	0	56049	14247	8	8
(2, 1, 5)	2	0	36562	69018	13	13
(1, 3, 5)	1	0	82756	18614	16	15
(3, 1, 5)	2	0	5529	85644	15	15
(1, 4, 5)	1	0	69317	952	15	14
(4, 1, 5)	2	0	106	30625	9	9
(1, 5, 5)	1	0	97701	107976	17	16
(5, 1, 5)	1	0	63030	45649	9	8
(1, 6, 5)	2	0	145733	21432	26	26
(6, 1, 5)	2	0	7072	32836	11	11
(1, 7, 5)	1	0	21004	8127	10	9
(7, 1, 5)	2	0	7367	21648	8	8
(1, 8, 5)	2	0	79918	17256	16	16
(8, 1, 5)	2	0	8316	19501	6	6
(1, 9, 5)	1	0	135506	132	24	23
(9, 1, 5)	2	0	59	33588	11	11
(1, 10, 5)	1	0	61920	146978	9	8
(10, 1, 5)	2	0	180034	58588	9	9
(1, 11, 5)	1	0	87798	17	13	12
(11, 1, 5)	2	0	37	139167	27	27
(1, 12, 5)	1	0	41524	37557	11	10
(12, 1, 5)	2	0	30502	21731	8	8
(1, 13, 5)	1	0	94008	10371	15	14
(13, 1, 5)	2	0	8461	42680	13	13
(1, 14, 5)	2	0	117578	9535	15	15
(14, 1, 5)	2	0	6820	57764	11	11
(1, 15, 5)	1	0	61837	166	12	11
(15, 1, 5)	2	0	192	21896	10	10
(2, 3, 5)	1	0	23517	16262	15	14
(3, 2, 5)	2	0	6134	9073	8	8
(2, 4, 5)	2	0	133208	2997	48	48
(4, 2, 5)	2	0	2388	63697	30	30
(2, 5, 5)	1	0	24640	107992	18	17
(5, 2, 5)	1	0	54325	11473	14	13
(2, 6, 5)	1	0	28286	8484	10	9
(6, 2, 5)	2	0	18161	26027	15	15
(2, 7, 5)	1	0	17848	8312	10	9
(7, 2, 5)	2	0	10498	13978	11	11
(2, 8, 5)	2	0	22823	12763	12	12
(8, 2, 5)	2	0	14267	16773	13	13
(2, 9, 5)	2	0	67885	303	38	38
(9, 2, 5)	2	0	77	37321	14	14
(2, 10, 5)	1	0	24758	180676	11	10
(10, 2, 5)	2	0	180766	34466	12	12
(2, 11, 5)	1	0	40724	58	16	15
(11, 2, 5)	2	0	67	32510	17	17
(2, 12, 5)	1	0	43835	116217	24	23
(12, 2, 5)	2	0	120363	39081	20	20
(2, 13, 5)	1	0	48079	22111	32	31
(13, 2, 5)	2	0	10644	21752	13	13
(2, 14, 5)	1	0	86346	29377	38	37
(14, 2, 5)	2	0	19321	56001	28	28
(2, 15, 5)	1	0	25573	95	10	9
(15, 2, 5)	2	0	243	28595	20	20
(3, 4, 5)	1	0	68281	3344	39	38
(4, 3, 5)	1	0	11664	165234	53	52
(3, 5, 5)	1	0	22922	168215	27	26
(5, 3, 5)	2	0	81032	12184	12	12
(3, 6, 5)	2	0	4933	12061	12	12
(6, 3, 5)	2	0	47439	61812	41	41
(3, 7, 5)	1	0	11142	12996	15	14
(7, 3, 5)	2	0	9069	4831	10	10
(3, 8, 5)	2	0	8947	9952	8	8
(8, 3, 5)	2	0	67638	153249	48	48
(3, 9, 5)	1	0	108411	236	42	41
(9, 3, 5)	2	0	80	25328	9	9
(3, 10, 5)	1	0	4932	180259	11	10
(10, 3, 5)	2	0	180867	19417	10	10
(3, 11, 5)	1	0	84791	42	33	32
(11, 3, 5)	2	0	25	11340	11	11
(3, 12, 5)	2	0	7049	39730	10	10
(12, 3, 5)	2	0	39952	10888	11	11
(3, 13, 5)	1	0	9522	6861	13	12
(13, 3, 5)	2	0	7156	14719	12	12
(3, 14, 5)	1	0	94981	16408	26	25
(14, 3, 5)	2	0	8856	21753	13	13
(3, 15, 5)	1	0	26722	266	20	19
(15, 3, 5)	2	0	126	21547	13	13
(4, 5, 5)	2	0	3249	179207	37	37
(5, 4, 5)	1	0	156868	127	23	22
(4, 6, 5)	1	0	200	18854	17	16
(6, 4, 5)	2	0	55359	2183	46	46
(4, 7, 5)	2	0	181	7622	8	8
(7, 4, 5)	2	0	25503	1929	23	23
(4, 8, 5)	2	0	542	38967	25	25
(8, 4, 5)	2	4	95728	984	26	26
(4, 9, 5)	0	0	3851	1088	199	198
(9, 4, 5)	2	0	88	1817	16	16
(4, 10, 5)	1	0	2179	180502	17	16
(10, 4, 5)	2	0	180105	1238	10	10
(4, 11, 5)	1	0	2410	68	28	27
(11, 4, 5)	2	0	106	3089	65	65
(4, 12, 5)	1	0	993	148838	39	38
(12, 4, 5)	2	0	148879	3297	40	40
(4, 13, 5)	1	0	2167	6071	12	11
(13, 4, 5)	2	0	13989	4499	25	25
(4, 14, 5)	1	3	1925	141902	176	176
(14, 4, 5)	2	3	116444	3297	183	182
(4, 15, 5)	1	0	6351	494	44	43
(15, 4, 5)	2	0	369	2894	30	30
(5, 6, 5)	2	0	99002	12813	12	12
(6, 5, 5)	1	0	33344	175186	27	26
(5, 7, 5)	1	0	54035	7484	10	9
(7, 5, 5)	2	0	5879	36022	7	7
(5, 8, 5)	1	0	81036	13888	19	18
(8, 5, 5)	2	0	22387	135007	21	21
(5, 9, 5)	1	0	176911	173	33	32
(9, 5, 5)	2	0	274	179952	49	49
(5, 10, 5)	2	0	45021	68659	7	7
(10, 5, 5)	2	0	179733	63078	9	9
(5, 11, 5)	2	0	175133	60	26	26
(11, 5, 5)	2	0	44	125916	22	22
(5, 12, 5)	2	0	80974	35316	11	11
(12, 5, 5)	2	0	35860	54107	14	14
(5, 13, 5)	1	0	36025	3580	7	6
(13, 5, 5)	2	0	15247	151259	26	26
(5, 14, 5)	1	0	179877	26430	45	44
(14, 5, 5)	2	0	10040	107924	17	17
(5, 15, 5)	1	0	71990	128	16	15
(15, 5, 5)	1	0	298	161588	23	22
(6, 7, 5)	1	0	14930	11852	14	13
(7, 6, 5)	2	0	9654	14262	12	12
(6, 8, 5)	1	0	45695	40423	35	34
(8, 6, 5)	1	4	156859	184436	163	162
(6, 9, 5)	2	0	148804	733	127	127
(9, 6, 5)	2	0	63	10547	9	9
(6, 10, 5)	1	0	12645	181180	12	11
(10, 6, 5)	2	0	180776	7380	10	10
(6, 11, 5)	1	0	97007	238	104	103
(11, 6, 5)	1	0	69	94755	71	70
(6, 12, 5)	1	0	71103	149183	57	56
(12, 6, 5)	2	0	149010	50669	53	53
(6, 13, 5)	1	0	39605	16984	32	31
(13, 6, 5)	2	0	35655	92951	69	69
(6, 14, 5)	1	0	51483	26948	42	41
(14, 6, 5)	2	0	47207	88981	72	72
(6, 15, 5)	1	0	13144	95	13	12
(15, 6, 5)	2	0	135	17355	14	14
(7, 8, 5)	2	0	8158	8689	6	6
(8, 7, 5)	2	0	38412	45828	33	33
(7, 9, 5)	1	0	9382	51	10	9
(9, 7, 5)	2	0	44	7418	9	9
(7, 10, 5)	2	0	4077	64220	6	6
(10, 7, 5)	2	0	179892	6930	10	10
(7, 11, 5)	2	0	8120	38	8	8
(11, 7, 5)	1	0	46	11012	12	11
(7, 12, 5)	2	0	10394	29956	12	12
(12, 7, 5)	1	0	104714	23549	23	22
(7, 13, 5)	1	0	4831	3047	7	6
(13, 7, 5)	2	0	8185	15977	17	17
(7, 14, 5)	1	0	46335	29266	34	33
(14, 7, 5)	2	0	7891	14655	12	12
(7, 15, 5)	1	0	8494	53	8	7
(15, 7, 5)	2	0	117	11728	12	12
(8, 9, 5)	2	0	38660	166	30	30
(9, 8, 5)	1	0	472	86932	81	80
(8, 10, 5)	2	0	9500	164323	9	9
(10, 8, 5)	2	0	179759	7499	9	9
(8, 11, 5)	2	0	102045	254	88	88
(11, 8, 5)	2	0	103	18202	15	15
(8, 12, 5)	2	0	35480	105435	20	20
(12, 8, 5)	2	0	42833	8876	9	9
(8, 13, 5)	2	0	76168	43978	70	70
(13, 8, 5)	1	0	29835	45805	37	36
(8, 14, 5)	1	0	50561	15003	24	23
(14, 8, 5)	2	0	7399	11227	11	11
(8, 15, 5)	2	4	184880	1163	185	185
(15, 8, 5)	2	0	160	14762	10	10
(9, 10, 5)	2	0	52	133059	9	9
(10, 9, 5)	2	0	180603	50	10	10
(9, 11, 5)	1	0	382	61	63	62
(11, 9, 5)	2	0	115	494	92	92
(9, 12, 5)	2	0	105	124178	23	23
(12, 9, 5)	1	0	122633	158	27	26
(9, 13, 5)	1	0	46	5736	10	9
(13, 9, 5)	1	0	9417	95	17	16
(9, 14, 5)	1	0	268	47549	43	42
(14, 9, 5)	2	4	184813	973	181	181
(9, 15, 5)	1	0	307	487	55	54
(15, 9, 5)	2	0	217	94	17	17
(10, 11, 5)	2	0	180555	32	11	11
(11, 10, 5)	2	0	16	160722	9	9
(10, 12, 5)	2	0	179830	55682	10	10
(12, 10, 5)	2	0	42338	132289	8	8
(10, 13, 5)	2	0	179897	4263	9	9
(13, 10, 5)	1	0	5994	180249	11	10
(10, 14, 5)	2	0	180536	9518	16	16
(14, 10, 5)	1	0	9858	179965	12	11
(10, 15, 5)	2	0	180146	77	10	10
(15, 10, 5)	1	0	78	180325	11	10
(11, 12, 5)	2	0	27	56316	11	11
(12, 11, 5)	1	0	133795	50	33	32
(11, 13, 5)	1	0	32	7433	16	15
(13, 11, 5)	2	0	24980	60	43	43
(11, 14, 5)	1	3	196	166024	196	196
(14, 11, 5)	2	0	33811	34	51	51
(11, 15, 5)	1	0	119	194	27	26
(15, 11, 5)	2	0	233	16	23	23
(12, 13, 5)	1	0	66442	8190	13	12
(13, 12, 5)	2	0	6011	30704	9	9
(12, 14, 5)	1	0	48844	6973	11	10
(14, 12, 5)	1	0	29564	149067	49	48
(12, 15, 5)	1	0	97644	155	18	17
(15, 12, 5)	2	0	268	136359	35	35
(13, 14, 5)	1	3	130709	132079	197	197
(14, 13, 5)	2	0	14400	14265	23	23
(13, 15, 5)	2	0	9006	58	13	13
(15, 13, 5)	2	0	194	20369	30	30
(14, 15, 5)	2	3	167108	1463	195	194
(15, 14, 5)	1	3	1444	139016	196	196
(0, 1, 6)	1	0	58743	83979	19	18
(1, 0, 6)	2	0	70323	60165	17	17
(0, 2, 6)	2	0	75501	17024	20	20
(2, 0, 6)	2	0	12181	30268	10	10
(0, 3, 6)	1	0	22659	13074	16	15
(3, 0, 6)	1	0	8107	46567	17	16
(0, 4, 6)	1	0	30827	1096	13	12
(4, 0, 6)	2	0	1350	57394	19	19
(0, 5, 6)	1	0	52558	117031	18	17
(5, 0, 6)	2	0	63049	7474	9	9
(0, 6, 6)	1	0	111938	38349	42	41
(6, 0, 6)	1	0	20887	43644	20	19
(0, 7, 6)	1	0	30458	10543	12	11
(7, 0, 6)	2	0	11736	21826	12	12
(0, 8, 6)	1	0	52505	21208	21	20
(8, 0, 6)	2	0	16154	41711	12	12
(0, 9, 6)	2	0	54792	77	14	14
(9, 0, 6)	2	0	76	55202	13	13
(0, 10, 6)	1	0	40166	180013	10	9
(10, 0, 6)	2	0	179902	47004	10	10
(0, 11, 6)	2	0	101421	23	25	25
(11, 0, 6)	2	0	15	81858	23	23
(0, 12, 6)	1	0	42183	64032	18	17
(12, 0, 6)	2	0	58043	34991	14	14
(0, 13, 6)	1	0	19412	5480	9	8
(13, 0, 6)	2	0	6092	21003	9	9
(0, 14, 6)	1	0	102426	21363	37	36
(14, 0, 6)	2	0	14098	44773	21	21
(0, 15, 6)	1	0	13948	135	12	11
(15, 0, 6)	2	0	213	29948	14	14
(1, 2, 6)	2	0	91166	19650	11	11
(2, 1, 6)	1	0	21992	151357	26	25
(1, 3, 6)	2	0	130908	35270	22	22
(3, 1, 6)	1	0	9552	60527	10	9
(1, 4, 6)	1	0	70515	1352	15	14
(4, 1, 6)	2	0	22436	148360	29	29
(1, 5, 6)	1	0	73824	107963	15	14
(5, 1, 6)	2	0	71970	34397	12	12
(1, 6, 6)	1	0	121659	16161	21	20
(6, 1, 6)	2	0	13873	63463	15	15
(1, 7, 6)	1	0	31012	7723	8	7
(7, 1, 6)	2	0	9472	33989	10	10
(1, 8, 6)	1	0	43149	9437	10	9
(8, 1, 6)	2	0	18967	62133	16	16
(1, 9, 6)	1	0	64635	81	11	10
(9, 1, 6)	2	0	243	142635	27	27
(1, 10, 6)	1	0	85666	179807	9	8
(10, 1, 6)	2	0	179778	58595	9	9
(1, 11, 6)	1	0	73896	48	13	12
(11, 1, 6)	2	0	14	60806	10	10
(1, 12, 6)	2	0	137377	92880	24	24
(12, 1, 6)	2	0	121503	125081	27	27
(1, 13, 6)	1	0	51657	5167	9	8
(13, 1, 6)	2	0	7762	23929	10	10
(1, 14, 6)	2	0	153290	19266	29	29
(14, 1, 6)	2	0	12440	103910	19	19
(1, 15, 6)	1	0	49252	107	12	11
(15, 1, 6)	2	0	176	69741	13	13
(2, 3, 6)	1	0	52188	75693	38	37
(3, 2, 6)	1	0	126689	90587	43	42
(2, 4, 6)	1	0	27634	2183	17	16
(4, 2, 6)	2	0	2183	96653	47	47
(2, 5, 6)	1	0	13041	107948	14	13
(5, 2, 6)	2	0	80960	13429	10	10
(2, 6, 6)	1	0	15870	13832	14	13
(6, 2, 6)	2	0	20358	25638	14	14
(2, 7, 6)	1	0	4365	9093	10	9
(7, 2, 6)	2	0	16325	20789	17	17
(2, 8, 6)	1	0	29442	35385	28	27
(8, 2, 6)	2	0	105114	98090	41	41
(2, 9, 6)	1	0	23112	112	19	18
(9, 2, 6)	2	0	274	64277	52	52
(2, 10, 6)	1	0	11388	180320	11	10
(10, 2, 6)	2	0	180818	12788	10	10
(2, 11, 6)	1	0	81628	63	46	45
(11, 2, 6)	2	0	36	39960	25	25
(2, 12, 6)	2	0	10676	35279	10	10
(12, 2, 6)	2	0	137379	56981	29	29
(2, 13, 6)	1	0	9609	4731	9	8
(13, 2, 6)	2	0	12438	22114	16	16
(2, 14, 6)	1	0	121589	39677	65	64
(14, 2, 6)	2	0	10151	20306	14	14
(2, 15, 6)	1	0	9730	95	11	10
(15, 2, 6)	2	0	161	35184	21	21
(3, 4, 6)	2	0	177681	20920	56	56
(4, 3, 6)	1	0	5061	99151	25	24
(3, 5, 6)	1	0	21493	117012	20	19
(5, 3, 6)	2	0	63013	7260	8	8
(3, 6, 6)	1	0	20421	16617	18	17
(6, 3, 6)	1	0	67855	83294	55	54
(3, 7, 6)	1	0	6629	7711	9	8
(7, 3, 6)	2	0	25198	30197	26	26
(3, 8, 6)	2	0	8891	13566	10	10
(8, 3, 6)	2	0	48491	111527	44	44
(3, 9, 6)	1	0	98941	94	19	18
(9, 3, 6)	2	0	72	32768	13	13
(3, 10, 6)	1	0	43147	180514	14	13
(10, 3, 6)	2	0	179676	14537	8	8
(3, 11, 6)	1	0	50571	85	23	22
(11, 3, 6)	2	0	20	10550	7	7
(3, 12, 6)	1	0	21670	77975	17	16
(12, 3, 6)	2	0	132567	66889	29	29
(3, 13, 6)	1	0	10849	3969	7	6
(13, 3, 6)	2	0	5343	12391	9	9
(3, 14, 6)	1	0	7488	8540	13	12
(14, 3, 6)	2	0	14704	79878	24	24
(3, 15, 6)	1	0	7026	83	11	10
(15, 3, 6)	2	0	78	19070	10	10
(4, 5, 6)	1	0	4432	180058	51	50
(5, 4, 6)	2	0	173975	2446	25	25
(4, 6, 6)	1	0	1342	33906	26	25
(6, 4, 6)	2	0	121490	5729	69	69
(4, 7, 6)	1	0	689	13071	15	14
(7, 4, 6)	1	0	12268	1301	12	11
(4, 8, 6)	1	0	3538	75356	42	41
(8, 4, 6)	2	4	184625	4405	103	103
(4, 9, 6)	2	0	389	102	16	16
(9, 4, 6)	1	0	233	664	34	33
(4, 10, 6)	1	0	1381	183648	18	17
(10, 4, 6)	2	0	181721	1301	12	12
(4, 11, 6)	1	0	1801	69	40	39
(11, 4, 6)	0	0	219	1628	198	197
(4, 12, 6)	1	4	1759	123185	22	21
(12, 4, 6)	2	0	143443	1608	33	33
(4, 13, 6)	1	0	686	8279	13	12
(13, 4, 6)	2	0	17037	6298	24	24
(4, 14, 6)	1	3	4096	119813	185	185
(14, 4, 6)	2	3	141807	1655	180	179
(4, 15, 6)	1	0	1726	378	36	35
(15, 4, 6)	1	0	59	37	9	8
(5, 6, 6)	2	0	165245	30982	30	30
(6, 5, 6)	1	0	51004	179950	52	51
(5, 7, 6)	1	0	63039	8061	11	10
(7, 5, 6)	1	0	18620	144011	21	20
(5, 8, 6)	2	0	63074	8464	8	8
(8, 5, 6)	2	0	102510	180852	73	73
(5, 9, 6)	1	0	72060	68	13	12
(9, 5, 6)	1	0	341	180191	66	65
(5, 10, 6)	1	0	63061	179947	9	8
(10, 5, 6)	2	0	179868	54009	10	10
(5, 11, 6)	2	0	157010	30	20	20
(11, 5, 6)	2	0	71	151241	21	21
(5, 12, 6)	2	0	72005	29104	10	10
(12, 5, 6)	1	0	41862	45059	9	8
(5, 13, 6)	2	0	90016	6476	11	11
(13, 5, 6)	2	0	6308	62996	11	11
(5, 14, 6)	2	0	180104	31714	51	51
(14, 5, 6)	2	0	45206	180298	75	75
(5, 15, 6)	1	0	117136	267	19	18
(15, 5, 6)	2	0	94	53950	9	9
(6, 7, 6)	2	0	35788	40256	34	34
(7, 6, 6)	2	0	10714	13457	12	12
(6, 8, 6)	2	0	15243	13762	12	12
(8, 6, 6)	2	0	94593	55509	48	48
(6, 9, 6)	1	0	36263	167	32	31
(9, 6, 6)	2	0	285	56481	48	48
(6, 10, 6)	1	0	10802	179815	10	9
(10, 6, 6)	2	0	180745	8288	9	9
(6, 11, 6)	1	0	62056	47	42	41
(11, 6, 6)	2	0	181	79788	78	78
(6, 12, 6)	1	0	52486	148355	48	47
(12, 6, 6)	2	0	145981	65363	43	43
(6, 13, 6)	1	0	11376	5603	9	8
(13, 6, 6)	2	0	19318	35244	35	35
(6, 14, 6)	1	0	82970	49357	61	60
(14, 6, 6)	2	0	9887	16766	15	15
(6, 15, 6)	1	0	56407	260	43	42
(15, 6, 6)	2	0	153	22740	22	22
(7, 8, 6)	1	0	9928	9828	10	9
(8, 7, 6)	2	0	39802	52146	40	40
(7, 9, 6)	2	0	24431	136	22	22
(9, 7, 6)	1	0	184	20442	20	19
(7, 10, 6)	2	0	6135	147133	8	8
(10, 7, 6)	2	0	179759	6125	9	9
(7, 11, 6)	1	0	45016	75	46	45
(11, 7, 6)	1	0	22	28859	28	27
(7, 12, 6)	2	0	18909	104570	21	21
(12, 7, 6)	1	0	34781	7215	10	9
(7, 13, 6)	2	0	18388	8087	17	17
(13, 7, 6)	2	0	5310	9292	11	11
(7, 14, 6)	1	0	34842	17369	27	26
(14, 7, 6)	2	0	7337	13585	11	11
(7, 15, 6)	2	0	9181	97	12	12
(15, 7, 6)	2	0	77	5915	8	8
(8, 9, 6)	2	0	121156	473	95	95
(9, 8, 6)	2	0	45	17543	8	8
(8, 10, 6)	1	4	34103	184918	18	17
(10, 8, 6)	2	0	180542	14266	9	9
(8, 11, 6)	2	0	92437	167	66	66
(11, 8, 6)	2	0	27	20660	9	9
(8, 12, 6)	1	0	74056	149004	64	63
(12, 8, 6)	1	0	76824	21648	24	23
(8, 13, 6)	2	0	67818	31690	50	50
(13, 8, 6)	2	0	12568	17580	13	13
(8, 14, 6)	2	0	147783	54215	62	62
(14, 8, 6)	2	0	10107	22341	15	15
(8, 15, 6)	1	0	91047	367	62	61
(15, 8, 6)	2	0	136	18556	11	11
(9, 10, 6)	1	0	55	180064	10	9
(10, 9, 6)	2	0	180364	80	10	10
(9, 11, 6)	1	0	226	78	42	41
(11, 9, 6)	2	0	153	347	62	62
(9, 12, 6)	1	0	255	149048	38	37
(12, 9, 6)	2	0	148910	305	61	61
(9, 13, 6)	1	0	46	3725	8	7
(13, 9, 6)	2	0	7267	58	11	11
(9, 14, 6)	2	0	596	65508	101	101
(14, 9, 6)	2	0	22215	144	18	18
(9, 15, 6)	1	0	161	219	32	31
(15, 9, 6)	2	0	277	205	40	40
(10, 11, 6)	2	0	179881	12	10	10
(11, 10, 6)	1	0	18	180837	11	10
(10, 12, 6)	2	0	181406	88561	15	15
(12, 10, 6)	1	0	69567	180306	11	10
(10, 13, 6)	2	0	180466	6264	11	11
(13, 10, 6)	2	0	3807	61430	6	6
(10, 14, 6)	2	0	179954	6720	9	9
(14, 10, 6)	1	0	10772	180111	14	13
(10, 15, 6)	1	0	175344	88	9	8
(15, 10, 6)	2	0	83	151906	9	9
(11, 12, 6)	2	0	36	97693	19	19
(12, 11, 6)	2	0	138705	34	39	39
(11, 13, 6)	2	0	23	8415	12	12
(13, 11, 6)	2	0	7269	21	10	10
(11, 14, 6)	0	0	158	168074	198	197
(14, 11, 6)	2	3	170273	288	197	196
(11, 15, 6)	2	0	29	194	24	24
(15, 11, 6)	1	0	74	11	11	10
(12, 13, 6)	1	0	43994	5205	10	9
(13, 12, 6)	2	0	3439	23616	6	6
(12, 14, 6)	1	0	31062	7462	9	8
(14, 12, 6)	2	0	14839	77870	17	17
(12, 15, 6)	1	0	118859	266	26	25
(15, 12, 6)	2	0	71	35452	8	8
(13, 14, 6)	1	0	25928	25625	42	41
(14, 13, 6)	1	0	29148	28188	46	45
(13, 15, 6)	1	0	6967	37	10	9
(15, 13, 6)	2	0	184	21016	29	29
(14, 15, 6)	1	0	72247	625	109	108
(15, 14, 6)	1	4	1642	184431	183	182
(0, 1, 7)	2	0	29193	52972	11	11
(1, 0, 7)	2	0	78990	28778	11	11
(0, 2, 7)	2	0	84389	38767	24	24
(2, 0, 7)	2	0	33018	40533	19	19
(0, 3, 7)	2	0	45830	24231	16	16
(3, 0, 7)	2	0	3555	6636	11	11
(0, 4, 7)	2	0	46433	2007	20	20
(4, 0, 7)	1	0	590	30282	11	10
(0, 5, 7)	1	0	45171	81128	16	15
(5, 0, 7)	2	0	90055	21222	16	16
(0, 6, 7)	1	0	74592	29467	34	33
(6, 0, 7)	1	0	26105	42886	23	22
(0, 7, 7)	2	0	40697	12201	12	12
(7, 0, 7)	2	0	13875	39891	15	15
(0, 8, 7)	2	0	28116	6152	8	8
(8, 0, 7)	2	0	54361	159135	42	42
(0, 9, 7)	2	0	63731	138	16	16
(9, 0, 7)	1	0	273	171412	53	52
(0, 10, 7)	1	0	49125	180426	11	10
(10, 0, 7)	2	0	180494	41860	11	11
(0, 11, 7)	2	0	117657	91	28	28
(11, 0, 7)	1	0	26	128572	47	46
(0, 12, 7)	2	0	46139	83613	20	20
(12, 0, 7)	1	0	70340	52007	20	19
(0, 13, 7)	2	0	111422	20151	29	29
(13, 0, 7)	2	0	6121	17396	9	9
(0, 14, 7)	1	0	43413	9452	16	15
(14, 0, 7)	2	0	9752	31786	15	15
(0, 15, 7)	1	0	44464	157	20	19
(15, 0, 7)	2	0	183	51235	15	15
(1, 2, 7)	1	0	97889	18913	15	14
(2, 1, 7)	2	0	18719	94500	18	18
(1, 3, 7)	1	0	98139	41035	18	17
(3, 1, 7)	2	0	6932	30529	12	12
(1, 4, 7)	2	0	138851	2356	19	19
(4, 1, 7)	2	0	96	52950	12	12
(1, 5, 7)	2	0	142409	143980	22	22
(5, 1, 7)	2	0	45133	41831	7	7
(1, 6, 7)	2	0	155660	28630	34	34
(6, 1, 7)	2	0	11725	69539	14	14
(1, 7, 7)	1	0	67481	8689	11	10
(7, 1, 7)	2	0	7040	41260	8	8
(1, 8, 7)	1	0	58640	11103	14	13
(8, 1, 7)	2	0	17092	61597	12	12
(1, 9, 7)	1	0	158732	222	41	40
(9, 1, 7)	2	0	74	21698	8	8
(1, 10, 7)	1	0	75098	179763	10	9
(10, 1, 7)	2	0	180183	76892	11	11
(1, 11, 7)	1	0	98040	18	16	15
(11, 1, 7)	2	0	25	43175	12	12
(1, 12, 7)	1	0	91088	76689	17	16
(12, 1, 7)	2	0	95282	64902	17	17
(1, 13, 7)	1	0	60052	5628	10	9
(13, 1, 7)	2	0	4887	17332	6	6
(1, 14, 7)	1	0	77649	8354	14	13
(14, 1, 7)	2	0	6172	60483	10	10
(1, 15, 7)	1	0	133800	172	24	23
(15, 1, 7)	2	0	192	69789	14	14
(2, 3, 7)	1	0	26918	13212	11	10
(3, 2, 7)	1	0	161373	128486	70	69
(2, 4, 7)	2	0	113728	964	47	47
(4, 2, 7)	1	0	3693	156125	65	64
(2, 5, 7)	2	0	32417	117114	20	20
(5, 2, 7)	2	0	108076	19847	15	15
(2, 6, 7)	1	0	19370	11536	11	10
(6, 2, 7)	2	0	14478	32542	14	14
(2, 7, 7)	1	0	22896	8857	10	9
(7, 2, 7)	2	0	12926	31695	13	13
(2, 8, 7)	1	0	29381	29700	25	24
(8, 2, 7)	2	0	63585	63464	30	30
(2, 9, 7)	2	0	62050	323	41	41
(9, 2, 7)	1	0	147	40234	27	26
(2, 10, 7)	1	0	20561	180300	11	10
(10, 2, 7)	2	0	179748	25322	8	8
(2, 11, 7)	1	0	99457	45	53	52
(11, 2, 7)	2	0	59	24432	14	14
(2, 12, 7)	1	0	82968	148625	42	41
(12, 2, 7)	2	0	96900	27075	20	20
(2, 13, 7)	1	0	17831	7625	13	12
(13, 2, 7)	2	0	21010	34801	24	24
(2, 14, 7)	1	0	28981	9791	15	14
(14, 2, 7)	2	0	22925	55739	26	26
(2, 15, 7)	1	0	20467	85	14	13
(15, 2, 7)	2	0	115	10290	11	11
(3, 4, 7)	1	0	12094	1427	9	8
(4, 3, 7)	2	0	3674	159204	30	30
(3, 5, 7)	1	0	9983	117037	16	15
(5, 3, 7)	1	0	36067	12920	10	9
(3, 6, 7)	2	0	4584	9154	11	11
(6, 3, 7)	2	0	33765	44932	32	32
(3, 7, 7)	1	0	17934	17746	21	20
(7, 3, 7)	2	0	14636	18382	16	16
(3, 8, 7)	2	0	4348	10569	13	13
(8, 3, 7)	2	0	39020	80724	38	38
(3, 9, 7)	1	0	25550	80	13	12
(9, 3, 7)	2	0	62	11218	9	9
(3, 10, 7)	2	0	6696	88899	8	8
(10, 3, 7)	2	0	179938	11422	9	9
(3, 11, 7)	1	0	64412	24	25	24
(11, 3, 7)	2	0	77	31113	34	34
(3, 12, 7)	2	0	10122	56659	15	15
(12, 3, 7)	2	0	148963	104386	53	53
(3, 13, 7)	2	0	21596	9190	16	16
(13, 3, 7)	2	0	6954	13904	12	12
(3, 14, 7)	1	0	43150	9195	16	15
(14, 3, 7)	2	0	8635	14994	14	14
(3, 15, 7)	1	0	35369	130	23	22
(15, 3, 7)	2	0	57	6055	8	8
(4, 5, 7)	2	0	3028	81158	14	14
(5, 4, 7)	1	0	71984	1569	16	15
(4, 6, 7)	1	0	2038	86229	58	57
(6, 4, 7)	2	0	100114	4467	67	67
(4, 7, 7)	2	0	134	6868	8	8
(7, 4, 7)	2	0	30911	4792	26	26
(4, 8, 7)	1	0	4335	19570	18	17
(8, 4, 7)	2	4	133441	1734	36	36
(4, 9, 7)	2	0	537	158	22	22
(9, 4, 7)	0	0	1071	3357	199	198
(4, 10, 7)	1	0	4129	180720	13	12
(10, 4, 7)	2	0	181578	2765	12	12
(4, 11, 7)	0	0	1886	241	199	198
(11, 4, 7)	2	0	132	2655	86	86
(4, 12, 7)	1	0	4747	142425	33	32
(12, 4, 7)	2	0	149054	3080	50	50
(4, 13, 7)	1	0	1594	6269	10	9
(13, 4, 7)	2	0	4735	1434	9	9
(4, 14, 7)	1	3	1119	113154	177	177
(14, 4, 7)	2	3	139319	2973	184	183
(4, 15, 7)	1	0	370	235	20	19
(15, 4, 7)	2	0	238	2232	28	28
(5, 6, 7)	2	0	176917	30811	33	33
(6, 5, 7)	2	0	64359	179738	48	48
(5, 7, 7)	1	0	63170	11895	14	13
(7, 5, 7)	2	0	7384	45044	8	8
(5, 8, 7)	2	0	63030	9025	8	8
(8, 5, 7)	2	0	54178	179989	56	56
(5, 9, 7)	1	0	54093	73	12	11
(9, 5, 7)	2	0	101	108063	17	17
(5, 10, 7)	1	0	81028	180092	11	10
(10, 5, 7)	2	0	180349	72037	10	10
(5, 11, 7)	2	0	176954	52	30	30
(11, 5, 7)	2	0	20	53991	10	10
(5, 12, 7)	1	0	72026	56049	17	16
(12, 5, 7)	1	0	62031	72007	14	13
(5, 13, 7)	1	0	89981	7753	14	13
(13, 5, 7)	2	0	4287	36021	7	7
(5, 14, 7)	1	0	117051	18882	29	28
(14, 5, 7)	2	0	9831	80994	16	16
(5, 15, 7)	1	0	144103	249	22	21
(15, 5, 7)	2	0	107	54001	11	11
(6, 7, 7)	2	0	10958	11209	13	13
(7, 6, 7)	1	0	38505	32767	37	36
(6, 8, 7)	2	0	16655	24248	18	18
(8, 6, 7)	2	0	43156	32095	27	27
(6, 9, 7)	1	0	72667	345	61	60
(9, 6, 7)	2	0	87	12029	12	12
(6, 10, 7)	1	0	8054	180755	11	10
(10, 6, 7)	2	0	180738	11470	12	12
(6, 11, 7)	2	0	98487	44	84	84
(11, 6, 7)	2	0	28	35997	27	27
(6, 12, 7)	2	0	13099	55674	12	12
(12, 6, 7)	2	0	140327	32913	35	35
(6, 13, 7)	1	0	28349	14656	28	27
(13, 6, 7)	2	0	17455	28167	25	25
(6, 14, 7)	1	0	21088	12458	20	19
(14, 6, 7)	2	0	14004	21111	17	17
(6, 15, 7)	2	0	94892	507	83	83
(15, 6, 7)	2	0	197	18939	18	18
(7, 8, 7)	2	0	18054	18476	16	16
(8, 7, 7)	2	0	42692	38843	33	33
(7, 9, 7)	1	0	21464	175	20	19
(9, 7, 7)	1	0	111	14633	15	14
(7, 10, 7)	2	0	6052	119411	7	7
(10, 7, 7)	1	0	147557	5535	8	7
(7, 11, 7)	2	0	31066	42	28	28
(11, 7, 7)	1	0	54	21356	21	20
(7, 12, 7)	2	0	22177	104243	22	22
(12, 7, 7)	1	0	78534	15627	19	18
(7, 13, 7)	2	0	13936	9432	17	17
(13, 7, 7)	2	0	7464	10835	14	14
(7, 14, 7)	1	0	133901	81052	95	94
(14, 7, 7)	2	0	29905	57780	42	42
(7, 15, 7)	1	0	8999	82	11	10
(15, 7, 7)	2	0	100	5849	7	7
(8, 9, 7)	2	0	91494	257	48	48
(9, 8, 7)	1	0	237	44641	39	38
(8, 10, 7)	1	0	12291	180682	12	11
(10, 8, 7)	2	0	180061	13132	9	9
(8, 11, 7)	1	0	87248	98	53	52
(11, 8, 7)	1	0	76	32991	24	23
(8, 12, 7)	2	0	78537	148847	48	48
(12, 8, 7)	2	0	148595	44650	56	56
(8, 13, 7)	2	0	27226	15302	16	16
(13, 8, 7)	2	0	4473	8020	7	7
(8, 14, 7)	2	4	183799	110653	99	99
(14, 8, 7)	2	0	7671	20205	12	12
(8, 15, 7)	1	0	53841	200	33	32
(15, 8, 7)	2	0	63	13744	9	9
(9, 10, 7)	1	0	61	180224	12	11
(10, 9, 7)	2	0	180083	90	10	10
(9, 11, 7)	2	0	202	71	35	35
(11, 9, 7)	1	0	34	96	16	15
(9, 12, 7)	2	0	113	77314	16	16
(12, 9, 7)	1	0	76938	70	14	13
(9, 13, 7)	1	0	44	3911	8	7
(13, 9, 7)	1	0	11794	87	18	17
(9, 14, 7)	1	3	1120	171574	198	198
(14, 9, 7)	2	0	39810	348	62	62
(9, 15, 7)	1	0	62	84	11	10
(15, 9, 7)	2	0	659	619	115	115
(10, 11, 7)	2	0	180370	4	12	12
(11, 10, 7)	1	0	57	180330	10	9
(10, 12, 7)	2	0	179949	62629	11	11
(12, 10, 7)	1	0	62813	180020	10	9
(10, 13, 7)	2	0	180254	4283	10	10
(13, 10, 7)	2	0	3764	149247	9	9
(10, 14, 7)	2	0	179921	7676	10	10
(14, 10, 7)	1	0	11077	181214	18	17
(10, 15, 7)	2	0	179636	80	8	8
(15, 10, 7)	2	0	83	117267	7	7
(11, 12, 7)	1	0	68	149034	41	40
(12, 11, 7)	2	0	136896	55	33	33
(11, 13, 7)	2	0	36	22401	30	30
(13, 11, 7)	2	0	5963	16	11	11
(11, 14, 7)	1	0	110	102825	119	118
(14, 11, 7)	2	0	41142	147	61	61
(11, 15, 7)	1	0	88	321	40	39
(15, 11, 7)	2	0	418	24	31	31
(12, 13, 7)	2	0	148729	28138	40	40
(13, 12, 7)	2	0	4651	32513	8	8
(12, 14, 7)	1	0	142688	25721	33	32
(14, 12, 7)	2	0	12195	62989	13	13
(12, 15, 7)	1	0	47781	74	10	9
(15, 12, 7)	2	0	94	28772	9	9
(13, 14, 7)	2	0	34325	34495	54	54
(14, 13, 7)	1	0	24652	23605	36	35
(13, 15, 7)	2	0	11193	139	14	14
(15, 13, 7)	1	0	95	6353	9	8
(14, 15, 7)	2	3	140110	1187	196	195
(15, 14, 7)	1	0	324	28610	33	32
(0, 1, 8)	2	0	69303	117867	23	23
(1, 0, 8)	1	0	46081	20765	9	8
(0, 2, 8)	2	0	111904	42155	27	27
(2, 0, 8)	1	0	28901	65631	21	20
(0, 3, 8)	1	0	37323	10864	18	17
(3, 0, 8)	2	0	7182	24576	24	24
(0, 4, 8)	2	0	178084	3259	55	55
(4, 0, 8)	2	0	149	31039	14	14
(0, 5, 8)	2	0	32275	89940	15	15
(5, 0, 8)	2	0	81051	46727	14	14
(0, 6, 8)	1	0	55232	13383	18	17
(6, 0, 8)	2	0	16430	13317	19	19
(0, 7, 8)	1	0	24679	8165	9	8
(7, 0, 8)	2	0	8483	18218	9	9
(0, 8, 8)	1	0	25681	13156	13	12
(8, 0, 8)	2	0	26543	47897	19	19
(0, 9, 8)	1	0	27458	44	9	8
(9, 0, 8)	2	0	67	59256	15	15
(0, 10, 8)	2	0	24769	149855	9	9
(10, 0, 8)	2	0	180857	42694	12	12
(0, 11, 8)	1	0	46098	37	18	17
(11, 0, 8)	2	0	17	20320	10	10
(0, 12, 8)	2	0	96143	121328	30	30
(12, 0, 8)	2	0	43487	15412	11	11
(0, 13, 8)	1	0	22108	9004	14	13
(13, 0, 8)	1	0	7574	34826	11	10
(0, 14, 8)	1	0	48217	10574	18	17
(14, 0, 8)	2	0	7580	38809	13	13
(0, 15, 8)	1	0	113668	310	32	31
(15, 0, 8)	2	0	105	23742	14	14
(1, 2, 8)	1	0	44561	12016	13	12
(2, 1, 8)	2	0	23563	79029	18	18
(1, 3, 8)	1	0	79997	15387	15	14
(3, 1, 8)	1	0	38395	168190	46	45
(1, 4, 8)	1	0	133674	1201	25	24
(4, 1, 8)	2	0	971	88833	16	16
(1, 5, 8)	1	0	55305	81014	12	11
(5, 1, 8)	1	0	45018	54418	9	8
(1, 6, 8)	1	0	85700	16853	21	20
(6, 1, 8)	2	0	12735	87537	15	15
(1, 7, 8)	1	0	58695	8338	11	10
(7, 1, 8)	2	0	8878	41943	10	10
(1, 8, 8)	2	0	97752	13191	13	13
(8, 1, 8)	2	0	30419	128212	23	23
(1, 9, 8)	1	0	43057	54	8	7
(9, 1, 8)	2	0	69	79034	12	12
(1, 10, 8)	1	0	85469	180120	12	11
(10, 1, 8)	2	0	180255	76505	10	10
(1, 11, 8)	1	0	84750	26	15	14
(11, 1, 8)	2	0	37	63492	16	16
(1, 12, 8)	1	0	42354	56081	11	10
(12, 1, 8)	2	0	63525	57288	12	12
(1, 13, 8)	1	0	40595	7666	12	11
(13, 1, 8)	2	0	6436	29393	9	9
(1, 14, 8)	1	0	59094	6996	13	12
(14, 1, 8)	2	0	15927	116613	22	22
(1, 15, 8)	1	0	90935	252	16	15
(15, 1, 8)	2	0	226	95783	16	16
(2, 3, 8)	2	0	14329	9453	9	9
(3, 2, 8)	1	0	25765	25506	20	19
(2, 4, 8)	1	0	27636	613	17	16
(4, 2, 8)	2	0	1186	33355	17	17
(2, 5, 8)	1	0	21303	108048	16	15
(5, 2, 8)	1	0	134991	21672	25	24
(2, 6, 8)	1	0	86366	40594	41	40
(6, 2, 8)	2	0	30515	54502	24	24
(2, 7, 8)	2	0	12486	9307	10	10
(7, 2, 8)	2	0	9945	21080	10	10
(2, 8, 8)	1	0	34634	35905	29	28
(8, 2, 8)	2	0	81700	129639	41	41
(2, 9, 8)	1	0	33719	208	18	17
(9, 2, 8)	2	0	100	39477	17	17
(2, 10, 8)	1	0	22257	180005	11	10
(10, 2, 8)	2	0	180911	10347	10	10
(2, 11, 8)	1	0	31907	39	21	20
(11, 2, 8)	2	0	14	15611	9	9
(2, 12, 8)	1	0	18492	69754	14	13
(12, 2, 8)	2	0	68366	12637	14	14
(2, 13, 8)	1	0	20262	6569	11	10
(13, 2, 8)	2	0	6383	8288	8	8
(2, 14, 8)	1	0	32517	16796	19	18
(14, 2, 8)	2	0	9554	16301	13	13
(2, 15, 8)	1	0	28719	88	12	11
(15, 2, 8)	2	0	109	13096	10	10
(3, 4, 8)	1	0	144049	8307	56	55
(4, 3, 8)	1	0	1481	137486	37	36
(3, 5, 8)	1	0	17107	134941	19	18
(5, 3, 8)	1	0	81063	27063	14	13
(3, 6, 8)	2	0	26782	32626	25	25
(6, 3, 8)	2	0	50396	145138	54	54
(3, 7, 8)	2	0	6292	11190	12	12
(7, 3, 8)	2	0	12910	9801	14	14
(3, 8, 8)	2	0	20168	15200	12	12
(8, 3, 8)	2	0	82189	165783	72	72
(3, 9, 8)	1	0	6907	45	9	8
(9, 3, 8)	2	0	349	58421	33	33
(3, 10, 8)	1	0	15667	179947	12	11
(10, 3, 8)	2	0	179654	15024	8	8
(3, 11, 8)	1	0	55802	53	22	21
(11, 3, 8)	2	0	31	73045	15	15
(3, 12, 8)	1	0	35586	147305	39	38
(12, 3, 8)	2	0	44870	7727	11	11
(3, 13, 8)	2	0	28594	14429	20	20
(13, 3, 8)	2	0	13615	25973	19	19
(3, 14, 8)	1	0	76288	13228	20	19
(14, 3, 8)	2	0	19735	70618	33	33
(3, 15, 8)	1	0	9290	79	13	12
(15, 3, 8)	2	0	139	20504	11	11
(4, 5, 8)	1	0	2662	177530	31	30
(5, 4, 8)	2	0	179989	3669	52	52
(4, 6, 8)	2	0	2122	18180	14	14
(6, 4, 8)	2	0	17245	1886	17	17
(4, 7, 8)	1	0	5874	23523	21	20
(7, 4, 8)	2	0	6177	1469	6	6
(4, 8, 8)	2	0	158	21630	10	10
(8, 4, 8)	2	4	141445	1878	38	38
(4, 9, 8)	2	0	219	136	22	22
(9, 4, 8)	0	0	1119	2002	199	198
(4, 10, 8)	1	0	5140	180755	11	10
(10, 4, 8)	1	0	118934	59	9	8
(4, 11, 8)	0	0	3717	526	199	198
(11, 4, 8)	1	0	61	4117	43	42
(4, 12, 8)	2	0	3660	135862	30	30
(12, 4, 8)	2	0	148783	9465	43	43
(4, 13, 8)	1	0	1958	32250	46	45
(13, 4, 8)	2	0	4763	584	9	9
(4, 14, 8)	1	0	2131	46724	78	77
(14, 4, 8)	2	3	121710	3172	186	185
(4, 15, 8)	1	0	4613	334	33	32
(15, 4, 8)	2	0	129	4259	19	19
(5, 6, 8)	2	0	180489	55235	54	54
(6, 5, 8)	2	0	29767	135082	27	27
(5, 7, 8)	2	0	80967	7084	10	10
(7, 5, 8)	2	0	11466	72072	11	11
(5, 8, 8)	1	0	117065	28325	27	26
(8, 5, 8)	1	0	15014	81020	12	11
(5, 9, 8)	1	0	99043	85	15	14
(9, 5, 8)	2	0	65	72075	13	13
(5, 10, 8)	1	0	80910	180140	10	9
(10, 5, 8)	2	0	179029	63080	12	12
(5, 11, 8)	1	0	168217	66	29	28
(11, 5, 8)	1	0	99	179912	50	49
(5, 12, 8)	1	0	81033	53870	15	14
(12, 5, 8)	1	0	116288	151223	23	22
(5, 13, 8)	1	0	63068	6923	13	12
(13, 5, 8)	2	0	6875	54097	12	12
(5, 14, 8)	1	0	116951	10405	17	16
(14, 5, 8)	2	0	14718	151080	23	23
(5, 15, 8)	1	0	72117	264	16	15
(15, 5, 8)	2	0	97	80937	13	13
(6, 7, 8)	2	0	39535	31394	30	30
(7, 6, 8)	2	0	16249	16572	17	17
(6, 8, 8)	1	0	41619	39157	25	24
(8, 6, 8)	2	0	61595	47297	46	46
(6, 9, 8)	2	4	184843	974	171	171
(9, 6, 8)	2	0	495	93210	84	84
(6, 10, 8)	1	0	7651	179710	10	9
(10, 6, 8)	2	0	180308	7129	10	10
(6, 11, 8)	2	0	109915	79	92	92
(11, 6, 8)	1	0	93	52770	44	43
(6, 12, 8)	1	0	36444	144492	36	35
(12, 6, 8)	2	0	130174	27988	27	27
(6, 13, 8)	2	0	151628	62410	106	106
(13, 6, 8)	2	0	16180	31477	29	29
(6, 14, 8)	1	0	19272	12343	16	15
(14, 6, 8)	2	0	12868	21448	20	20
(6, 15, 8)	1	0	78822	374	57	56
(15, 6, 8)	2	0	567	124728	92	92
(7, 8, 8)	1	0	39045	46026	31	30
(8, 7, 8)	2	0	13942	15081	13	13
(7, 9, 8)	1	0	8079	73	9	8
(9, 7, 8)	2	0	110	12685	12	12
(7, 10, 8)	2	0	5720	129155	9	9
(10, 7, 8)	1	0	171529	6059	9	8
(7, 11, 8)	2	0	7298	16	6	6
(11, 7, 8)	1	0	27	15751	16	15
(7, 12, 8)	2	0	8409	48750	9	9
(12, 7, 8)	1	0	38115	7407	10	9
(7, 13, 8)	1	0	8812	3853	9	8
(13, 7, 8)	2	0	3871	6371	8	8
(7, 14, 8)	1	0	23897	11966	19	18
(14, 7, 8)	2	0	5689	6332	7	7
(7, 15, 8)	1	0	6471	46	10	9
(15, 7, 8)	2	0	88	10322	14	14
(8, 9, 8)	2	0	40041	132	25	25
(9, 8, 8)	1	0	181	52609	32	31
(8, 10, 8)	1	0	18639	181435	12	11
(10, 8, 8)	2	0	179815	12616	10	10
(8, 11, 8)	0	0	161572	493	199	198
(11, 8, 8)	2	0	65	30620	26	26
(8, 12, 8)	1	0	70705	148472	38	37
(12, 8, 8)	1	0	76856	31170	25	24
(8, 13, 8)	2	0	48098	24878	39	39
(13, 8, 8)	2	0	4613	7850	7	7
(8, 14, 8)	2	4	184894	105214	165	165
(14, 8, 8)	1	0	61857	89170	93	92
(8, 15, 8)	1	0	104493	625	84	83
(15, 8, 8)	2	0	91	15586	11	11
(9, 10, 8)	1	0	68	179929	12	11
(10, 9, 8)	2	0	180287	51	10	10
(9, 11, 8)	0	0	944	321	199	198
(11, 9, 8)	2	0	71	495	88	88
(9, 12, 8)	1	0	257	148543	40	39
(12, 9, 8)	2	0	148892	265	44	44
(9, 13, 8)	1	0	170	17285	31	30
(13, 9, 8)	2	0	11591	84	16	16
(9, 14, 8)	2	0	308	50823	59	59
(14, 9, 8)	2	0	41816	262	48	48
(9, 15, 8)	1	0	236	215	41	40
(15, 9, 8)	2	0	197	147	27	27
(10, 11, 8)	2	0	180559	31	11	11
(11, 10, 8)	1	0	34	180228	11	10
(10, 12, 8)	2	0	180177	55692	10	10
(12, 10, 8)	1	0	56175	180359	11	10
(10, 13, 8)	1	0	174501	3983	10	9
(13, 10, 8)	2	0	3545	119621	8	8
(10, 14, 8)	2	0	180176	5881	10	10
(14, 10, 8)	1	0	9484	181350	12	11
(10, 15, 8)	2	0	180261	177	12	12
(15, 10, 8)	2	0	75	176563	9	9
(11, 12, 8)	1	0	93	132206	29	28
(12, 11, 8)	2	0	134260	33	34	34
(11, 13, 8)	2	0	25	12448	23	23
(13, 11, 8)	2	0	7583	28	13	13
(11, 14, 8)	2	0	81	20440	31	31
(14, 11, 8)	2	0	53803	257	84	84
(11, 15, 8)	1	0	67	401	44	43
(15, 11, 8)	1	0	588	83	65	64
(12, 13, 8)	1	0	28244	3982	8	7
(13, 12, 8)	2	0	4540	28102	8	8
(12, 14, 8)	0	0	150067	155120	199	198
(14, 12, 8)	2	0	10315	48668	11	11
(12, 15, 8)	1	0	121292	110	23	22
(15, 12, 8)	2	0	341	147557	38	38
(13, 14, 8)	1	0	30190	29815	46	45
(14, 13, 8)	2	0	23631	23385	35	35
(13, 15, 8)	2	0	7035	48	9	9
(15, 13, 8)	2	0	84	8420	12	12
(14, 15, 8)	2	3	140107	1353	194	193
(15, 14, 8)	1	3	1411	167582	197	197
(0, 1, 9)	2	0	41429	50795	11	11
(1, 0, 9)	2	0	119768	47738	18	18
(0, 2, 9)	2	0	39823	10966	12	12
(2, 0, 9)	1	0	12167	17766	9	8
(0, 3, 9)	1	0	31711	20852	12	11
(3, 0, 9)	1	0	13691	23650	12	11
(0, 4, 9)	2	0	52811	325	14	14
(4, 0, 9)	2	0	247	17320	11	11
(0, 5, 9)	1	0	34356	80956	16	15
(5, 0, 9)	2	0	99027	29566	16	16
(0, 6, 9)	1	0	22236	17428	17	16
(6, 0, 9)	2	0	8148	15735	8	8
(0, 7, 9)	1	0	21341	8919	10	9
(7, 0, 9)	1	0	8970	23818	9	8
(0, 8, 9)	1	0	22068	17938	13	12
(8, 0, 9)	2	0	13638	15083	8	8
(0, 9, 9)	2	0	60898	107	18	18
(9, 0, 9)	2	0	55	51959	12	12
(0, 10, 9)	1	0	22652	179980	9	8
(10, 0, 9)	2	0	180302	27529	10	10
(0, 11, 9)	2	0	51615	35	13	13
(11, 0, 9)	2	0	33	15533	8	8
(0, 12, 9)	1	0	21963	51628	17	16
(12, 0, 9)	2	0	49984	20595	14	14
(0, 13, 9)	1	0	32491	9849	12	11
(13, 0, 9)	2	0	5619	30155	8	8
(0, 14, 9)	2	0	178503	27036	47	47
(14, 0, 9)	2	0	10443	46737	16	16
(0, 15, 9)	2	0	52246	117	17	17
(15, 0, 9)	2	0	110	14683	10	10
(1, 2, 9)	1	0	33576	6727	9	8
(2, 1, 9)	1	0	12870	58818	8	7
(1, 3, 9)	1	0	111446	43513	28	27
(3, 1, 9)	1	0	7610	48585	6	5
(1, 4, 9)	1	0	32472	72	9	8
(4, 1, 9)	2	0	84	21663	7	7
(1, 5, 9)	1	0	52458	71999	12	11
(5, 1, 9)	2	0	80998	53151	12	12
(1, 6, 9)	1	0	33988	8795	11	10
(6, 1, 9)	2	0	21516	74874	18	18
(1, 7, 9)	1	0	33520	8045	10	9
(7, 1, 9)	2	0	9828	39876	12	12
(1, 8, 9)	1	0	70126	17030	13	12
(8, 1, 9)	2	0	12787	31527	8	8
(1, 9, 9)	1	0	21801	60	9	8
(9, 1, 9)	2	0	51	67846	10	10
(1, 10, 9)	1	0	71592	179791	9	8
(10, 1, 9)	2	0	181313	33156	10	10
(1, 11, 9)	1	0	32428	21	7	6
(11, 1, 9)	2	0	80	10014	8	8
(1, 12, 9)	1	0	33020	37081	10	9
(12, 1, 9)	2	0	66423	73407	17	17
(1, 13, 9)	1	0	21874	5903	9	8
(13, 1, 9)	2	0	6199	34111	9	9
(1, 14, 9)	1	0	21777	4806	9	8
(14, 1, 9)	2	0	5705	22565	10	10
(1, 15, 9)	1	0	23503	110	10	9
(15, 1, 9)	2	0	95	82915	19	19
(2, 3, 9)	1	0	16611	17099	12	11
(3, 2, 9)	2	0	21026	6357	9	9
(2, 4, 9)	1	0	73039	1281	41	40
(4, 2, 9)	2	0	520	33291	19	19
(2, 5, 9)	1	0	19293	89991	14	13
(5, 2, 9)	1	0	63248	10259	20	19
(2, 6, 9)	2	0	77433	54469	60	60
(6, 2, 9)	2	0	14239	26245	13	13
(2, 7, 9)	1	0	13036	8009	10	9
(7, 2, 9)	1	0	10676	10359	10	9
(2, 8, 9)	2	0	16103	23236	19	19
(8, 2, 9)	2	0	17809	26128	14	14
(2, 9, 9)	1	0	14482	60	11	10
(9, 2, 9)	2	0	103	19199	11	11
(2, 10, 9)	2	0	7927	176595	9	9
(10, 2, 9)	2	0	180241	7483	9	9
(2, 11, 9)	1	0	13387	36	11	10
(11, 2, 9)	2	0	49	24568	19	19
(2, 12, 9)	2	0	19317	56949	15	15
(12, 2, 9)	1	0	118512	28300	20	19
(2, 13, 9)	1	0	13439	6744	9	8
(13, 2, 9)	2	0	5060	9836	8	8
(2, 14, 9)	1	0	19979	10101	11	10
(14, 2, 9)	2	0	11749	13907	12	12
(2, 15, 9)	1	0	17629	89	12	11
(15, 2, 9)	2	0	73	7703	6	6
(3, 4, 9)	1	0	14879	234	10	9
(4, 3, 9)	2	0	166	25168	11	11
(3, 5, 9)	1	0	17114	90048	16	15
(5, 3, 9)	2	0	72061	22762	12	12
(3, 6, 9)	1	0	17330	10016	10	9
(6, 3, 9)	1	0	35020	51277	21	20
(3, 7, 9)	1	0	7181	9696	11	10
(7, 3, 9)	2	0	11640	30953	12	12
(3, 8, 9)	1	0	10370	13477	14	13
(8, 3, 9)	2	0	15499	19310	12	12
(3, 9, 9)	1	0	14962	78	10	9
(9, 3, 9)	2	0	92	23524	15	15
(3, 10, 9)	2	0	6993	150627	10	10
(10, 3, 9)	2	0	179753	13672	9	9
(3, 11, 9)	1	0	16739	37	10	9
(11, 3, 9)	2	0	34	37226	14	14
(3, 12, 9)	1	0	9362	56679	13	12
(12, 3, 9)	1	0	48887	12393	11	10
(3, 13, 9)	1	0	13030	6010	12	11
(13, 3, 9)	2	0	5692	16849	10	10
(3, 14, 9)	1	0	27361	8700	15	14
(14, 3, 9)	2	0	59800	170680	93	93
(3, 15, 9)	1	0	14316	107	9	8
(15, 3, 9)	2	0	91	31271	9	9
(4, 5, 9)	1	0	30083	179916	48	47
(5, 4, 9)	1	0	53971	164	9	8
(4, 6, 9)	1	0	779	39277	31	30
(6, 4, 9)	2	4	184764	1748	127	127
(4, 7, 9)	1	0	338	26929	21	20
(7, 4, 9)	1	0	11945	1428	11	10
(4, 8, 9)	2	0	211	32847	13	13
(8, 4, 9)	2	4	184932	2727	155	155
(4, 9, 9)	2	0	201	110	18	18
(9, 4, 9)	1	0	242	1661	44	43
(4, 10, 9)	2	0	222	152999	9	9
(10, 4, 9)	2	0	180850	477	10	10
(4, 11, 9)	0	0	2246	355	198	197
(11, 4, 9)	1	0	16	96	10	9
(4, 12, 9)	2	0	2413	134180	29	29
(12, 4, 9)	1	0	68378	622	14	13
(4, 13, 9)	2	0	657	20210	27	27
(13, 4, 9)	1	0	17894	1844	24	23
(4, 14, 9)	1	3	1496	116322	181	181
(14, 4, 9)	2	3	123137	1244	185	184
(4, 15, 9)	1	0	854	195	25	24
(15, 4, 9)	2	0	182	459	22	22
(5, 6, 9)	1	0	54067	8598	9	8
(6, 5, 9)	1	0	29641	161584	23	22
(5, 7, 9)	1	0	63041	8800	11	10
(7, 5, 9)	2	0	9930	63044	11	11
(5, 8, 9)	2	0	54014	14313	9	9
(8, 5, 9)	2	0	25164	117072	22	22
(5, 9, 9)	2	0	179866	268	47	47
(9, 5, 9)	2	0	164	156956	29	29
(5, 10, 9)	1	0	71991	179860	10	9
(10, 5, 9)	2	0	180079	54096	9	9
(5, 11, 9)	1	0	54086	14	13	12
(11, 5, 9)	2	0	17	72135	13	13
(5, 12, 9)	2	0	72026	39508	9	9
(12, 5, 9)	2	0	77042	81061	16	16
(5, 13, 9)	1	0	54121	9892	14	13
(13, 5, 9)	2	0	6634	63041	11	11
(5, 14, 9)	1	0	151205	16527	26	25
(14, 5, 9)	2	0	20324	172430	31	31
(5, 15, 9)	1	0	63053	215	13	12
(15, 5, 9)	2	0	90	63003	12	12
(6, 7, 9)	2	0	10456	10507	10	10
(7, 6, 9)	2	0	9683	6886	8	8
(6, 8, 9)	1	0	18585	28786	20	19
(8, 6, 9)	2	0	25802	15288	13	13
(6, 9, 9)	1	0	19454	108	15	14
(9, 6, 9)	2	0	514	97476	91	91
(6, 10, 9)	1	0	17354	180630	11	10
(10, 6, 9)	2	0	181741	11897	10	10
(6, 11, 9)	0	0	178291	197	198	197
(11, 6, 9)	1	0	68	31564	31	30
(6, 12, 9)	2	0	20243	55683	15	15
(12, 6, 9)	2	0	129571	41359	30	30
(6, 13, 9)	1	0	14618	6268	10	9
(13, 6, 9)	1	0	36593	76084	52	51
(6, 14, 9)	1	0	75743	38937	58	57
(14, 6, 9)	1	4	127827	184704	162	161
(6, 15, 9)	1	0	13960	160	14	13
(15, 6, 9)	2	0	147	12602	10	10
(7, 8, 9)	2	0	14324	16025	11	11
(8, 7, 9)	2	0	14433	15400	11	11
(7, 9, 9)	1	0	8168	53	8	7
(9, 7, 9)	1	0	101	19593	19	18
(7, 10, 9)	1	0	7890	182775	12	11
(10, 7, 9)	1	0	117947	5442	8	7
(7, 11, 9)	1	0	11015	20	9	8
(11, 7, 9)	1	0	15	7687	7	6
(7, 12, 9)	1	0	8299	44186	10	9
(12, 7, 9)	1	0	27973	7121	9	8
(7, 13, 9)	1	0	7845	4542	9	8
(13, 7, 9)	2	0	8519	13108	17	17
(7, 14, 9)	1	0	12181	7311	10	9
(14, 7, 9)	1	0	5198	8663	8	7
(7, 15, 9)	1	0	9217	89	9	8
(15, 7, 9)	2	0	142	7616	10	10
(8, 9, 9)	2	0	56474	262	42	42
(9, 8, 9)	2	0	87	24150	17	17
(8, 10, 9)	2	0	11138	111259	8	8
(10, 8, 9)	2	0	180199	8977	9	9
(8, 11, 9)	2	0	102124	44	53	53
(11, 8, 9)	2	0	47	22766	9	9
(8, 12, 9)	1	0	80500	148817	57	56
(12, 8, 9)	2	0	36057	12744	8	8
(8, 13, 9)	2	0	43878	11823	19	19
(13, 8, 9)	2	0	10503	20205	13	13
(8, 14, 9)	2	4	184594	91555	139	139
(14, 8, 9)	2	0	8644	17989	13	13
(8, 15, 9)	2	0	19386	116	14	14
(15, 8, 9)	2	0	46	11702	9	9
(9, 10, 9)	1	0	80	181931	12	11
(10, 9, 9)	2	0	180942	86	10	10
(9, 11, 9)	1	0	150	76	24	23
(11, 9, 9)	2	0	107	177	31	31
(9, 12, 9)	1	0	191	141613	34	33
(12, 9, 9)	1	0	121047	122	22	21
(9, 13, 9)	2	0	79	7892	11	11
(13, 9, 9)	2	0	5379	50	9	9
(9, 14, 9)	1	0	144	14733	24	23
(14, 9, 9)	2	0	75026	638	111	111
(9, 15, 9)	1	0	164	213	30	29
(15, 9, 9)	2	0	189	128	24	24
(10, 11, 9)	2	0	180778	17	11	11
(11, 10, 9)	2	0	33	98438	7	7
(10, 12, 9)	1	0	163229	46387	11	10
(12, 10, 9)	1	0	36031	122641	9	8
(10, 13, 9)	1	0	148321	2880	8	7
(13, 10, 9)	2	0	3402	117383	8	8
(10, 14, 9)	2	0	180571	8474	10	10
(14, 10, 9)	1	0	15175	182419	22	21
(10, 15, 9)	2	0	180926	100	10	10
(15, 10, 9)	1	0	125	180103	9	8
(11, 12, 9)	2	0	33	29592	9	9
(12, 11, 9)	1	0	104662	6	19	18
(11, 13, 9)	2	0	64	24127	48	48
(13, 11, 9)	1	0	11576	39	17	16
(11, 14, 9)	1	0	170	109856	129	128
(14, 11, 9)	2	0	45684	177	70	70
(11, 15, 9)	1	0	67	471	53	52
(15, 11, 9)	2	0	238	0	21	21
(12, 13, 9)	1	0	48793	5535	11	10
(13, 12, 9)	2	0	11433	90574	18	18
(12, 14, 9)	1	0	43196	7824	9	8
(14, 12, 9)	2	0	11483	55883	12	12
(12, 15, 9)	1	0	45702	67	10	9
(15, 12, 9)	2	0	156	42480	12	12
(13, 14, 9)	2	0	21601	21847	34	34
(14, 13, 9)	2	0	58568	57996	91	91
(13, 15, 9)	1	0	7988	120	12	11
(15, 13, 9)	2	0	130	13680	21	21
(14, 15, 9)	2	0	9715	86	14	14
(15, 14, 9)	1	4	1348	184772	184	183
(0, 1, 10)	2	0	24409	32465	12	12
(1, 0, 10)	2	0	65066	21076	14	14
(0, 2, 10)	2	0	34028	4052	13	13
(2, 0, 10)	2	0	7442	27437	24	24
(0, 3, 10)	2	0	22710	18884	14	14
(3, 0, 10)	2	0	34636	61644	29	29
(0, 4, 10)	2	0	74787	820	29	29
(4, 0, 10)	1	0	364	44360	15	14
(0, 5, 10)	2	0	26798	126275	29	29
(5, 0, 10)	1	0	81207	27792	16	15
(0, 6, 10)	1	0	36340	27868	31	30
(6, 0, 10)	1	0	23570	78147	29	28
(0, 7, 10)	1	0	28628	22049	25	24
(7, 0, 10)	2	0	14292	20424	13	13
(0, 8, 10)	1	0	53176	36868	26	25
(8, 0, 10)	2	0	65155	168765	56	56
(0, 9, 10)	2	0	42733	146	21	21
(9, 0, 10)	1	0	96	27162	17	16
(0, 10, 10)	1	0	25763	181324	11	10
(10, 0, 10)	2	0	179783	17727	9	9
(0, 11, 10)	2	0	35921	37	16	16
(11, 0, 10)	1	0	78	151630	42	41
(0, 12, 10)	2	0	23737	30231	12	12
(12, 0, 10)	1	0	122354	110250	36	35
(0, 13, 10)	2	0	28144	12513	18	18
(13, 0, 10)	2	0	15051	22292	16	16
(0, 14, 10)	1	0	95215	19720	28	27
(14, 0, 10)	2	0	8375	17783	14	14
(0, 15, 10)	1	0	39559	211	28	27
(15, 0, 10)	2	0	124	16402	18	18
(1, 2, 10)	1	0	55913	13143	13	12
(2, 1, 10)	2	0	4127	60572	19	19
(1, 3, 10)	1	0	139873	34222	26	25
(3, 1, 10)	2	0	38497	67118	17	17
(1, 4, 10)	2	0	172283	5868	45	45
(4, 1, 10)	2	0	1389	121227	26	26
(1, 5, 10)	1	0	55929	45091	13	12
(5, 1, 10)	2	0	90045	52530	17	17
(1, 6, 10)	1	0	66340	12099	17	16
(6, 1, 10)	2	0	14445	86741	20	20
(1, 7, 10)	1	0	96569	19179	20	19
(7, 1, 10)	2	0	14036	33379	16	16
(1, 8, 10)	1	0	95417	26463	25	24
(8, 1, 10)	2	0	28452	83094	18	18
(1, 9, 10)	1	0	104876	128	19	18
(9, 1, 10)	2	0	129	105547	20	20
(1, 10, 10)	1	0	77978	180173	13	12
(10, 1, 10)	2	0	179748	31972	9	9
(1, 11, 10)	1	0	109113	67	21	20
(11, 1, 10)	2	0	16	28657	10	10
(1, 12, 10)	1	4	59060	28011	11	10
(12, 1, 10)	2	0	69649	82724	19	19
(1, 13, 10)	1	0	69065	9346	16	15
(13, 1, 10)	2	0	7706	21743	13	13
(1, 14, 10)	1	0	145074	20482	30	29
(14, 1, 10)	2	0	6181	41323	10	10
(1, 15, 10)	1	0	93668	146	20	19
(15, 1, 10)	2	0	180	131482	24	24
(2, 3, 10)	2	0	9456	28812	18	18
(3, 2, 10)	1	0	42815	15300	38	37
(2, 4, 10)	2	0	24837	1773	17	17
(4, 2, 10)	1	0	1989	36701	32	31
(2, 5, 10)	2	0	4227	72057	16	16
(5, 2, 10)	1	0	81061	5653	18	17
(2, 6, 10)	2	0	38381	46415	53	53
(6, 2, 10)	1	0	50004	46071	38	37
(2, 7, 10)	2	0	3622	13600	14	14
(7, 2, 10)	1	0	20603	1581	20	19
(2, 8, 10)	2	0	5182	24209	17	17
(8, 2, 10)	2	0	42468	15583	13	13
(2, 9, 10)	2	0	11681	350	30	30
(9, 2, 10)	1	0	206	35667	37	36
(2, 10, 10)	1	0	4896	179923	10	9
(10, 2, 10)	2	0	179796	2155	9	9
(2, 11, 10)	1	0	12264	72	22	21
(11, 2, 10)	1	0	47	13469	28	27
(2, 12, 10)	2	0	6254	58200	18	18
(12, 2, 10)	1	0	84160	7715	17	16
(2, 13, 10)	1	0	2046	8031	13	12
(13, 2, 10)	2	0	11737	5556	15	15
(2, 14, 10)	1	3	176750	106383	172	172
(14, 2, 10)	2	0	13082	1895	13	13
(2, 15, 10)	1	0	27268	322	41	40
(15, 2, 10)	1	0	359	11393	26	25
(3, 4, 10)	1	0	27194	111	13	12
(4, 3, 10)	2	0	1961	53182	17	17
(3, 5, 10)	1	0	52951	165293	35	34
(5, 3, 10)	2	0	135018	41713	20	20
(3, 6, 10)	2	0	42395	29606	31	31
(6, 3, 10)	2	0	47960	143329	52	52
(3, 7, 10)	1	0	34907	17040	19	18
(7, 3, 10)	2	0	15794	30988	15	15
(3, 8, 10)	1	0	44070	38472	33	32
(8, 3, 10)	2	0	34365	40691	16	16
(3, 9, 10)	2	0	28722	100	16	16
(9, 3, 10)	2	0	177	64061	33	33
(3, 10, 10)	1	0	22029	179732	9	8
(10, 3, 10)	2	0	179909	31020	10	10
(3, 11, 10)	1	0	45361	47	13	12
(11, 3, 10)	2	0	42	18242	11	11
(3, 12, 10)	1	4	28374	41700	12	11
(12, 3, 10)	1	0	104782	54498	27	26
(3, 13, 10)	1	0	34362	9074	16	15
(13, 3, 10)	2	0	8513	26274	11	11
(3, 14, 10)	1	0	35422	11274	18	17
(14, 3, 10)	2	0	6881	16626	10	10
(3, 15, 10)	1	0	26622	112	19	18
(15, 3, 10)	1	0	232	44544	40	39
(4, 5, 10)	1	0	2643	161575	22	21
(5, 4, 10)	2	0	177524	1746	32	32
(4, 6, 10)	1	0	1208	17973	19	18
(6, 4, 10)	2	0	65472	2588	46	46
(4, 7, 10)	2	0	1875	6343	6	6
(7, 4, 10)	2	0	22949	3325	17	17
(4, 8, 10)	1	0	8387	47360	29	28
(8, 4, 10)	2	0	70157	1663	34	34
(4, 9, 10)	0	0	3763	1074	187	186
(9, 4, 10)	2	0	372	1325	66	66
(4, 10, 10)	1	0	616	182570	14	13
(10, 4, 10)	2	0	180529	46	9	9
(4, 11, 10)	1	0	612	76	40	39
(11, 4, 10)	1	0	54	811	24	23
(4, 12, 10)	2	0	33398	145919	38	38
(12, 4, 10)	2	0	148678	12901	39	39
(4, 13, 10)	1	0	1137	12644	23	22
(13, 4, 10)	2	0	3755	208	7	7
(4, 14, 10)	1	0	332	8182	15	14
(14, 4, 10)	2	0	10357	90	14	14
(4, 15, 10)	1	0	8549	172	25	24
(15, 4, 10)	2	0	117	2096	21	21
(5, 6, 10)	2	0	168197	31260	31	31
(6, 5, 10)	1	0	15250	98943	18	17
(5, 7, 10)	1	0	45194	14014	21	20
(7, 5, 10)	1	0	26788	165270	27	26
(5, 8, 10)	1	0	144104	34595	31	30
(8, 5, 10)	2	0	58623	179927	57	57
(5, 9, 10)	1	0	116957	83	18	17
(9, 5, 10)	1	0	113	116975	21	20
(5, 10, 10)	1	0	72081	180528	12	11
(10, 5, 10)	2	0	180059	45072	11	11
(5, 11, 10)	1	0	63079	48	15	14
(11, 5, 10)	2	0	34	98985	21	21
(5, 12, 10)	1	0	174037	136298	42	41
(12, 5, 10)	2	0	120365	144070	28	28
(5, 13, 10)	1	0	90037	8451	15	14
(13, 5, 10)	2	0	13072	134980	22	22
(5, 14, 10)	1	0	53989	4799	10	9
(14, 5, 10)	2	0	9312	27050	15	15
(5, 15, 10)	1	0	54045	113	14	13
(15, 5, 10)	2	0	122	62978	14	14
(6, 7, 10)	1	0	10923	11115	13	12
(7, 6, 10)	2	0	33593	29186	30	30
(6, 8, 10)	2	0	17419	27479	17	17
(8, 6, 10)	2	0	55146	60927	59	59
(6, 9, 10)	1	0	16532	93	19	18
(9, 6, 10)	2	0	395	74973	63	63
(6, 10, 10)	1	0	9651	181116	12	11
(10, 6, 10)	2	0	179752	7822	9	9
(6, 11, 10)	1	0	23315	80	27	26
(11, 6, 10)	2	0	23	43954	34	34
(6, 12, 10)	2	0	26263	100112	27	27
(12, 6, 10)	2	0	132130	25723	29	29
(6, 13, 10)	2	0	17737	12424	18	18
(13, 6, 10)	2	0	7965	10356	15	15
(6, 14, 10)	1	0	37083	23646	29	28
(14, 6, 10)	2	0	13074	22399	20	20
(6, 15, 10)	1	0	16283	113	16	15
(15, 6, 10)	2	0	234	50225	33	33
(7, 8, 10)	2	0	16858	20576	15	15
(8, 7, 10)	1	0	39573	32037	26	25
(7, 9, 10)	2	0	22887	146	20	20
(9, 7, 10)	1	0	158	26666	23	22
(7, 10, 10)	1	0	9561	179888	11	10
(10, 7, 10)	2	0	179983	9174	9	9
(7, 11, 10)	1	0	13714	68	14	13
(11, 7, 10)	2	0	21	26838	24	24
(7, 12, 10)	1	4	8006	13917	8	7
(12, 7, 10)	1	0	63349	13998	15	14
(7, 13, 10)	1	0	10225	4111	10	9
(13, 7, 10)	2	0	3536	6770	7	7
(7, 14, 10)	1	0	20801	10312	16	15
(14, 7, 10)	2	0	8839	11623	11	11
(7, 15, 10)	1	0	9044	95	11	10
(15, 7, 10)	2	0	417	21077	24	24
(8, 9, 10)	2	0	63952	468	64	64
(9, 8, 10)	1	0	318	29600	37	36
(8, 10, 10)	1	0	30592	179914	12	11
(10, 8, 10)	2	0	179654	11789	8	8
(8, 11, 10)	2	4	184872	158	157	157
(11, 8, 10)	1	0	105	34142	31	30
(8, 12, 10)	2	4	184610	149672	184	184
(12, 8, 10)	1	0	91325	45835	24	23
(8, 13, 10)	2	0	43961	20618	32	32
(13, 8, 10)	2	0	7613	15890	12	12
(8, 14, 10)	2	4	184759	141531	163	163
(14, 8, 10)	2	0	8917	22275	14	14
(8, 15, 10)	2	4	184971	1144	180	180
(15, 8, 10)	2	0	203	47395	25	25
(9, 10, 10)	1	0	57	179816	11	10
(10, 9, 10)	2	0	181107	73	11	11
(9, 11, 10)	2	0	235	123	44	44
(11, 9, 10)	2	0	208	488	93	93
(9, 12, 10)	2	0	154	126424	28	28
(12, 9, 10)	2	0	148888	335	57	57
(9, 13, 10)	1	0	156	14861	29	28
(13, 9, 10)	2	0	8861	133	15	15
(9, 14, 10)	1	0	96	16201	19	18
(14, 9, 10)	2	0	14732	136	23	23
(9, 15, 10)	2	0	112	125	20	20
(15, 9, 10)	2	0	184	153	29	29
(10, 11, 10)	2	0	180062	31	9	9
(11, 10, 10)	1	0	12	181154	12	11
(10, 12, 10)	2	0	179956	27838	10	10
(12, 10, 10)	1	0	41835	180958	11	10
(10, 13, 10)	2	0	180257	5514	11	11
(13, 10, 10)	2	0	2993	117144	7	7
(10, 14, 10)	2	0	180630	9789	11	11
(14, 10, 10)	1	0	11444	180844	13	12
(10, 15, 10)	2	0	179924	81	9	9
(15, 10, 10)	1	0	243	180049	11	10
(11, 12, 10)	1	0	41	148865	45	44
(12, 11, 10)	1	0	118170	73	22	21
(11, 13, 10)	2	0	76	19208	26	26
(13, 11, 10)	2	0	9221	52	13	13
(11, 14, 10)	1	0	185	61444	97	96
(14, 11, 10)	2	0	25502	38	30	30
(11, 15, 10)	1	0	10	246	21	20
(15, 11, 10)	2	0	417	215	40	40
(12, 13, 10)	2	0	111817	12826	23	23
(13, 12, 10)	2	0	14791	108138	22	22
(12, 14, 10)	1	0	41867	5729	9	8
(14, 12, 10)	2	0	26393	136175	33	33
(12, 15, 10)	1	0	69811	147	17	16
(15, 12, 10)	2	0	137	50767	16	16
(13, 14, 10)	1	0	8917	8379	14	13
(14, 13, 10)	2	0	17993	17676	28	28
(13, 15, 10)	1	0	12079	113	16	15
(15, 13, 10)	2	0	150	11293	17	17
(14, 15, 10)	1	0	50912	414	75	74
(15, 14, 10)	1	3	1293	127707	182	182
(0, 1, 11)	2	0	82541	99199	20	20
(1, 0, 11)	1	0	62058	35672	11	10
(0, 2, 11)	1	0	24923	12049	10	9
(2, 0, 11)	2	0	24405	36086	18	18
(0, 3, 11)	1	0	13093	5788	10	9
(3, 0, 11)	1	0	59907	57000	18	17
(0, 4, 11)	2	0	119787	1499	39	39
(4, 0, 11)	1	0	1791	97844	25	24
(0, 5, 11)	1	0	31010	53982	12	11
(5, 0, 11)	1	0	108160	88195	24	23
(0, 6, 11)	1	0	30049	8797	13	12
(6, 0, 11)	2	0	12912	33524	13	13
(0, 7, 11)	1	0	18922	10884	12	11
(7, 0, 11)	2	0	12769	19760	13	13
(0, 8, 11)	1	0	30758	11541	12	11
(8, 0, 11)	2	0	18729	18316	14	14
(0, 9, 11)	1	0	30814	65	12	11
(9, 0, 11)	2	0	133	92799	27	27
(0, 10, 11)	1	0	43338	179817	9	8
(10, 0, 11)	2	0	180770	26515	9	9
(0, 11, 11)	1	0	27193	22	11	10
(11, 0, 11)	1	0	61	44162	13	12
(0, 12, 11)	1	0	27340	35270	14	13
(12, 0, 11)	1	0	42489	20225	11	10
(0, 13, 11)	1	0	24768	6281	10	9
(13, 0, 11)	2	0	5431	13632	8	8
(0, 14, 11)	1	0	28794	7697	13	12
(14, 0, 11)	2	0	6124	22937	10	10
(0, 15, 11)	1	0	28745	188	14	13
(15, 0, 11)	2	0	119	19508	13	13
(1, 2, 11)	1	0	63146	24655	14	13
(2, 1, 11)	2	0	25840	96610	17	17
(1, 3, 11)	2	0	49449	5165	8	8
(3, 1, 11)	2	0	37401	96545	17	17
(1, 4, 11)	1	0	70496	212	14	13
(4, 1, 11)	1	0	1924	146955	23	22
(1, 5, 11)	1	0	41615	81033	13	12
(5, 1, 11)	2	0	71922	43111	9	9
(1, 6, 11)	1	0	53472	10000	13	12
(6, 1, 11)	2	0	18892	114743	19	19
(1, 7, 11)	1	0	51502	7152	9	8
(7, 1, 11)	2	0	10672	36410	13	13
(1, 8, 11)	1	0	85138	17667	15	14
(8, 1, 11)	2	0	15841	32111	9	9
(1, 9, 11)	2	0	175398	312	58	58
(9, 1, 11)	2	0	87	93634	14	14
(1, 10, 11)	1	0	71336	179604	9	8
(10, 1, 11)	2	0	181862	69401	10	10
(1, 11, 11)	1	0	44495	48	11	10
(11, 1, 11)	2	0	25	47159	12	12
(1, 12, 11)	1	0	63862	63101	13	12
(12, 1, 11)	2	0	55800	44058	11	11
(1, 13, 11)	1	0	62133	6478	10	9
(13, 1, 11)	2	0	17936	136340	23	23
(1, 14, 11)	1	0	38482	6417	12	11
(14, 1, 11)	2	0	6272	59201	10	10
(1, 15, 11)	1	0	93739	216	16	15
(15, 1, 11)	2	0	180	33355	11	11
(2, 3, 11)	1	0	88089	59682	52	51
(3, 2, 11)	2	0	69174	34022	24	24
(2, 4, 11)	1	0	27051	96	13	12
(4, 2, 11)	1	0	4909	124412	48	47
(2, 5, 11)	2	0	28855	157079	26	26
(5, 2, 11)	2	0	144016	25622	20	20
(2, 6, 11)	1	0	34061	23942	20	19
(6, 2, 11)	2	0	18581	35148	14	14
(2, 7, 11)	1	0	56787	58403	49	48
(7, 2, 11)	2	0	9866	12942	10	10
(2, 8, 11)	1	0	14620	10230	9	8
(8, 2, 11)	2	0	22904	10105	14	14
(2, 9, 11)	1	0	33137	102	17	16
(9, 2, 11)	2	0	134	25747	20	20
(2, 10, 11)	1	0	19537	180469	11	10
(10, 2, 11)	2	0	180064	24562	12	12
(2, 11, 11)	2	0	150963	100	107	107
(11, 2, 11)	2	0	168	155893	85	85
(2, 12, 11)	2	0	56285	105703	19	19
(12, 2, 11)	2	0	126032	40383	24	24
(2, 13, 11)	1	0	13427	8103	10	9
(13, 2, 11)	2	0	5385	15229	8	8
(2, 14, 11)	1	3	180257	115431	187	187
(14, 2, 11)	2	0	18522	39738	28	28
(2, 15, 11)	1	0	41637	125	16	15
(15, 2, 11)	2	0	95	10380	10	10
(3, 4, 11)	1	0	27243	634	11	10
(4, 3, 11)	1	0	2416	138054	57	56
(3, 5, 11)	2	0	46268	161701	29	29
(5, 3, 11)	2	0	72040	10565	13	13
(3, 6, 11)	1	0	48958	30936	31	30
(6, 3, 11)	2	0	28487	60429	26	26
(3, 7, 11)	1	0	11383	7651	8	7
(7, 3, 11)	1	0	15156	14012	16	15
(3, 8, 11)	1	0	109655	49356	45	44
(8, 3, 11)	2	0	37704	31851	23	23
(3, 9, 11)	1	0	40865	86	14	13
(9, 3, 11)	2	0	268	130686	47	47
(3, 10, 11)	1	0	48959	180415	13	12
(10, 3, 11)	2	0	180039	32704	12	12
(3, 11, 11)	1	0	23710	39	11	10
(11, 3, 11)	2	0	60	36265	18	18
(3, 12, 11)	1	0	9407	36252	9	8
(12, 3, 11)	2	0	50192	4853	14	14
(3, 13, 11)	1	0	15429	7659	11	10
(13, 3, 11)	2	0	7735	4915	11	11
(3, 14, 11)	1	0	43997	8572	14	13
(14, 3, 11)	2	0	5804	6231	8	8
(3, 15, 11)	1	0	16628	85	16	15
(15, 3, 11)	2	0	67	9645	11	11
(4, 5, 11)	2	0	959	54005	13	13
(5, 4, 11)	1	0	134976	569	19	18
(4, 6, 11)	1	0	1136	46057	45	44
(6, 4, 11)	1	0	91561	2114	55	54
(4, 7, 11)	2	0	575	16825	14	14
(7, 4, 11)	2	0	22671	2441	18	18
(4, 8, 11)	1	0	1408	149690	54	53
(8, 4, 11)	1	0	25663	154	13	12
(4, 9, 11)	1	0	1149	417	78	77
(9, 4, 11)	0	0	1162	3519	197	197
(4, 10, 11)	1	4	5039	184660	18	17
(10, 4, 11)	2	0	179866	344	10	10
(4, 11, 11)	1	0	8228	29	24	23
(11, 4, 11)	2	0	43	3775	26	26
(4, 12, 11)	1	0	2940	148921	43	42
(12, 4, 11)	2	0	131196	2160	27	27
(4, 13, 11)	1	0	306	6442	10	9
(13, 4, 11)	2	0	7054	122	10	10
(4, 14, 11)	1	3	1676	116100	180	180
(14, 4, 11)	2	3	123737	1316	187	186
(4, 15, 11)	1	0	18878	225	22	21
(15, 4, 11)	2	0	127	1714	20	20
(5, 6, 11)	1	0	176204	43557	42	41
(6, 5, 11)	2	0	24815	126134	22	22
(5, 7, 11)	2	0	116982	16980	17	17
(7, 5, 11)	2	0	10537	81098	12	12
(5, 8, 11)	1	0	72050	12805	12	11
(8, 5, 11)	1	0	21424	81092	15	14
(5, 9, 11)	1	0	116994	119	17	16
(9, 5, 11)	1	0	222	178440	37	36
(5, 10, 11)	1	0	71993	179780	10	9
(10, 5, 11)	2	0	180108	62996	9	9
(5, 11, 11)	1	0	151337	20	25	24
(11, 5, 11)	2	0	23	63082	19	19
(5, 12, 11)	2	0	72066	35970	9	9
(12, 5, 11)	1	0	28217	53973	8	7
(5, 13, 11)	1	0	98979	9303	17	16
(13, 5, 11)	2	0	15350	117400	20	20
(5, 14, 11)	1	0	81027	8915	17	16
(14, 5, 11)	2	0	5909	54006	10	10
(5, 15, 11)	1	0	81208	360	21	20
(15, 5, 11)	2	0	82	53997	9	9
(6, 7, 11)	1	0	59914	48195	45	44
(7, 6, 11)	2	0	13818	12600	13	13
(6, 8, 11)	1	0	132230	132629	98	97
(8, 6, 11)	2	0	62576	52488	35	35
(6, 9, 11)	2	0	122568	565	102	102
(9, 6, 11)	2	0	153	35656	26	26
(6, 10, 11)	1	0	11202	179637	9	8
(10, 6, 11)	2	0	180573	16360	12	12
(6, 11, 11)	1	0	98512	119	50	49
(11, 6, 11)	0	0	394	175995	197	197
(6, 12, 11)	2	0	14121	55822	11	11
(12, 6, 11)	1	0	135988	29153	30	29
(6, 13, 11)	2	0	42951	16016	30	30
(13, 6, 11)	2	0	5915	10071	11	11
(6, 14, 11)	1	0	37436	23145	25	24
(14, 6, 11)	2	0	12742	19722	15	15
(6, 15, 11)	2	0	21923	111	19	19
(15, 6, 11)	2	0	381	69480	60	60
(7, 8, 11)	1	0	12095	11367	9	8
(8, 7, 11)	1	0	16559	8906	7	6
(7, 9, 11)	2	0	20822	174	20	20
(9, 7, 11)	2	0	82	9159	10	10
(7, 10, 11)	2	0	6878	133310	9	9
(10, 7, 11)	2	0	180003	8427	10	10
(7, 11, 11)	2	0	37764	69	35	35
(11, 7, 11)	2	0	27	17138	15	15
(7, 12, 11)	2	0	8266	44160	10	10
(12, 7, 11)	1	0	27827	5518	7	6
(7, 13, 11)	1	0	6508	3398	8	7
(13, 7, 11)	2	0	3917	5716	8	8
(7, 14, 11)	1	0	27895	13968	22	21
(14, 7, 11)	2	0	5352	7899	8	8
(7, 15, 11)	1	0	10313	118	14	13
(15, 7, 11)	2	0	646	33962	40	40
(8, 9, 11)	1	0	42120	210	26	25
(9, 8, 11)	1	0	351	65101	48	47
(8, 10, 11)	1	0	17735	180109	10	9
(10, 8, 11)	2	0	180988	25458	13	13
(8, 11, 11)	1	0	22020	48	10	9
(11, 8, 11)	1	0	46	101192	56	55
(8, 12, 11)	1	0	26363	72595	16	15
(12, 8, 11)	2	0	148831	93866	70	70
(8, 13, 11)	2	0	52287	30614	37	37
(13, 8, 11)	1	0	29613	58528	35	34
(8, 14, 11)	2	0	69842	50158	44	44
(14, 8, 11)	1	4	109216	184631	164	163
(8, 15, 11)	1	0	21113	159	13	12
(15, 8, 11)	1	0	160	22095	10	9
(9, 10, 11)	1	0	75	180528	12	11
(10, 9, 11)	2	0	179768	66	9	9
(9, 11, 11)	1	0	236	126	35	34
(11, 9, 11)	1	0	85	216	42	41
(9, 12, 11)	1	0	201	130512	34	33
(12, 9, 11)	2	0	148647	247	45	45
(9, 13, 11)	1	0	84	7410	14	13
(13, 9, 11)	2	0	6177	68	10	10
(9, 14, 11)	1	3	1063	128202	197	197
(14, 9, 11)	2	0	40723	324	62	62
(9, 15, 11)	2	0	173	252	30	30
(15, 9, 11)	2	0	214	157	30	30
(10, 11, 11)	2	0	179771	33	9	9
(11, 10, 11)	1	0	12	179803	11	10
(10, 12, 11)	2	0	180271	56380	10	10
(12, 10, 11)	1	0	49026	179901	9	8
(10, 13, 11)	2	0	180293	5074	11	11
(13, 10, 11)	1	0	5294	180973	11	10
(10, 14, 11)	2	0	180144	5704	9	9
(14, 10, 11)	2	0	4682	136309	8	8
(10, 15, 11)	2	0	180099	117	10	10
(15, 10, 11)	1	0	102	179958	10	9
(11, 12, 11)	2	0	63	87220	17	17
(12, 11, 11)	1	0	107878	58	21	20
(11, 13, 11)	1	0	6	4397	9	8
(13, 11, 11)	2	0	6557	22	11	11
(11, 14, 11)	2	0	45	34169	40	40
(14, 11, 11)	2	0	12861	18	12	12
(11, 15, 11)	1	0	22	194	29	28
(15, 11, 11)	2	0	228	158	25	25
(12, 13, 11)	2	0	148886	30120	42	42
(13, 12, 11)	1	0	24396	148953	43	42
(12, 14, 11)	0	0	151835	127692	197	197
(14, 12, 11)	1	0	33250	148658	45	44
(12, 15, 11)	1	0	84042	158	17	16
(15, 12, 11)	2	0	123	66838	12	12
(13, 14, 11)	1	0	12778	11962	15	14
(14, 13, 11)	2	0	55709	54829	47	47
(13, 15, 11)	2	0	8154	106	11	11
(15, 13, 11)	2	0	153	14189	22	22
(14, 15, 11)	1	0	100257	879	105	104
(15, 14, 11)	2	0	145	18445	28	28
