                 5#P 0#T 3#G 2#S 4#C 1#O 9#E 6#P 8#G 10# 7#C 11# 12# 15# 14# 13#
5#PENTAZEN20.20      99910001000100010001000100010001000100010001000100010001000
0#TITO14           0     999 999 999 999 999100010001000100010001000100010001000
3#GOFIVE           0   0     534 668 755 999 999 999 999 99910001000100010001000
2#SWINE17          0   0 465     635 727 999 999 999 999 99910001000100010001000
4#CARBON17         0   0 331 364     602 999 999 999 999 99910001000100010001000
1#ONIX16           0   0 244 272 397     999 999 999 999 99910001000100010001000
9#EGO19            0   0   0   0   0   0     839 965 971 999 999 999100010001000
6#PELA17           0   0   0   0   0   0 160     795 818 984 999 999 99910001000
8#GMOTOR11         0   0   0   0   0   0  34 204     532 907 999 999 99910001000
10#KANEC09         0   0   0   0   0   0  28 181 467     892 999 999 99910001000
7#CHIS17           0   0   0   0   0   0   0  15  92 107     988 999 99910001000
11#ZETOR17         0   0   0   0   0   0   0   0   0   0  11     999 999 999 999
12#EULRING         0   0   0   0   0   0   0   0   0   0   0   0     739 999 999
15#PECUCHET        0   0   0   0   0   0   0   0   0   0   0   0 260     997 999
14#SPARKLE         0   0   0   0   0   0   0   0   0   0   0   0   0   2     660
13#JUDE            0   0   0   0   0   0   0   0   0   0   0   0   0   0 339    
