                    0#E 1#R 2#Y 14# 6#A 4#H 3#S 8#S 9#W 7#W 10# 12# 13# 11# 15# 18# 16# 19# 17# 20# 23# 21# 22# 24# 27# 26# 28# 25# 30# 41# 29# 32# 33# 31# 34# 35# 36# 39# 38# 37# 40# 42# 43# 46# 44# 45#
0#EMBRYO20.F            983 999 999 99910001000100010001000100010001000100010001000100010001000100010001000100010001000100010001000100010001000100010001000100010001000100010001000100010001000100010001000
1#RAPFI19            16     995 999 99910001000100010001000100010001000100010001000100010001000100010001000100010001000100010001000100010001000100010001000100010001000100010001000100010001000100010001000
2#YIXIN18             0   4     999 99910001000100010001000100010001000100010001000100010001000100010001000100010001000100010001000100010001000100010001000100010001000100010001000100010001000100010001000
14#PENTAZEN20.20      0   0   0     792 999 999100010001000100010001000100010001000100010001000100010001000100010001000100010001000100010001000100010001000100010001000100010001000100010001000100010001000
6#ALPHAGOMOKU.MK20    0   0   0 207     999 999 999 9991000100010001000100010001000100010001000100010001000100010001000100010001000100010001000100010001000100010001000100010001000100010001000100010001000
4#HEWER18             0   0   0   0   0     702 933 950 987 999 999 999 99910001000100010001000100010001000100010001000100010001000100010001000100010001000100010001000100010001000100010001000100010001000
3#STARDUST            0   0   0   0   0 297     835 869 956 999 999 999 99910001000100010001000100010001000100010001000100010001000100010001000100010001000100010001000100010001000100010001000100010001000
8#SLOWRENJU20         0   0   0   0   0  66 164     559 770 999 999 999 99910001000100010001000100010001000100010001000100010001000100010001000100010001000100010001000100010001000100010001000100010001000
9#WINE18              0   0   0   0   0  49 130 440     722 998 999 999 99910001000100010001000100010001000100010001000100010001000100010001000100010001000100010001000100010001000100010001000100010001000
7#WHOSE19             0   0   0   0   0  12  43 229 277     993 999 999 999 9991000100010001000100010001000100010001000100010001000100010001000100010001000100010001000100010001000100010001000100010001000
10#TITO14             0   0   0   0   0   0   0   0   1   6     967 995 996 999 999100010001000100010001000100010001000100010001000100010001000100010001000100010001000100010001000100010001000100010001000
12#DEEPFIRE19         0   0   0   0   0   0   0   0   0   0  32     779 800 999 999 999 999 999100010001000100010001000100010001000100010001000100010001000100010001000100010001000100010001000100010001000
13#GOFIVE             0   0   0   0   0   0   0   0   0   0   4 220     527 999 999 999 999 999100010001000100010001000100010001000100010001000100010001000100010001000100010001000100010001000100010001000
11#SWINE17            0   0   0   0   0   0   0   0   0   0   3 199 472     998 999 999 999 999 99910001000100010001000100010001000100010001000100010001000100010001000100010001000100010001000100010001000
15#CARBON17           0   0   0   0   0   0   0   0   0   0   0   0   0   1     980 999 999 999 99910001000100010001000100010001000100010001000100010001000100010001000100010001000100010001000100010001000
18#EGO19              0   0   0   0   0   0   0   0   0   0   0   0   0   0  19     861 979 985 99910001000100010001000100010001000100010001000100010001000100010001000100010001000100010001000100010001000
16#PELA17             0   0   0   0   0   0   0   0   0   0   0   0   0   0   0 138     830 862 98510001000100010001000100010001000100010001000100010001000100010001000100010001000100010001000100010001000
19#GMOTOR11           0   0   0   0   0   0   0   0   0   0   0   0   0   0   0  20 169     554 88910001000100010001000100010001000100010001000100010001000100010001000100010001000100010001000100010001000
17#CHIS17             0   0   0   0   0   0   0   0   0   0   0   0   0   0   0  14 137 445     86110001000100010001000100010001000100010001000100010001000100010001000100010001000100010001000100010001000
20#KANEC09            0   0   0   0   0   0   0   0   0   0   0   0   0   0   0   0  14 110 138     999 999100010001000100010001000100010001000100010001000100010001000100010001000100010001000100010001000
23#EULRING            0   0   0   0   0   0   0   0   0   0   0   0   0   0   0   0   0   0   0   0     678 993 997 999 999 999 999100010001000100010001000100010001000100010001000100010001000100010001000
21#ZETOR17            0   0   0   0   0   0   0   0   0   0   0   0   0   0   0   0   0   0   0   0 321     979 990 999 999 999 999100010001000100010001000100010001000100010001000100010001000100010001000
22#PECUCHET           0   0   0   0   0   0   0   0   0   0   0   0   0   0   0   0   0   0   0   0   6  20     628 933 989 999 999 999 9991000100010001000100010001000100010001000100010001000100010001000
24#LICHT              0   0   0   0   0   0   0   0   0   0   0   0   0   0   0   0   0   0   0   0   2   9 371     879 977 999 999 999 9991000100010001000100010001000100010001000100010001000100010001000
27#JUDE               0   0   0   0   0   0   0   0   0   0   0   0   0   0   0   0   0   0   0   0   0   0  66 120     795 999 999 999 999 999100010001000100010001000100010001000100010001000100010001000
26#SPARKLE            0   0   0   0   0   0   0   0   0   0   0   0   0   0   0   0   0   0   0   0   0   0  10  22 204     998 998 999 999 999100010001000100010001000100010001000100010001000100010001000
28#MONKEY             0   0   0   0   0   0   0   0   0   0   0   0   0   0   0   0   0   0   0   0   0   0   0   0   0   1     500 994 998 999 999 999 999 99910001000100010001000100010001000100010001000
25#ALPHAGOMOKU.GS     0   0   0   0   0   0   0   0   0   0   0   0   0   0   0   0   0   0   0   0   0   0   0   0   0   1 499     994 998 999 999 999 999 99910001000100010001000100010001000100010001000
30#QMENTAT6           0   0   0   0   0   0   0   0   0   0   0   0   0   0   0   0   0   0   0   0   0   0   0   0   0   0   5   5     626 874 998 999 999 999 9991000100010001000100010001000100010001000
41#PUREGM20           0   0   0   0   0   0   0   0   0   0   0   0   0   0   0   0   0   0   0   0   0   0   0   0   0   0   1   1 373     795 995 999 999 999 9991000100010001000100010001000100010001000
29#DJALL18            0   0   0   0   0   0   0   0   0   0   0   0   0   0   0   0   0   0   0   0   0   0   0   0   0   0   0   0 125 204     967 994 998 999 9991000100010001000100010001000100010001000
32#PUSKVOREC          0   0   0   0   0   0   0   0   0   0   0   0   0   0   0   0   0   0   0   0   0   0   0   0   0   0   0   0   1   4  32     744 879 985 999 999 99910001000100010001000100010001000
33#IMRO15             0   0   0   0   0   0   0   0   0   0   0   0   0   0   0   0   0   0   0   0   0   0   0   0   0   0   0   0   0   0   5 255     698 939 999 999 99910001000100010001000100010001000
31#NOESIS             0   0   0   0   0   0   0   0   0   0   0   0   0   0   0   0   0   0   0   0   0   0   0   0   0   0   0   0   0   0   1 120 301     846 999 999 999 999 999100010001000100010001000
34#FASTGOMOKU14       0   0   0   0   0   0   0   0   0   0   0   0   0   0   0   0   0   0   0   0   0   0   0   0   0   0   0   0   0   0   0  14  60 153     996 999 999 999 999100010001000100010001000
35#PISQ7              0   0   0   0   0   0   0   0   0   0   0   0   0   0   0   0   0   0   0   0   0   0   0   0   0   0   0   0   0   0   0   0   0   0   3     987 999 999 999 999 9991000100010001000
36#BENJAMIN           0   0   0   0   0   0   0   0   0   0   0   0   0   0   0   0   0   0   0   0   0   0   0   0   0   0   0   0   0   0   0   0   0   0   0  12     906 989 994 999 999 999100010001000
39#LIGHTBLUE          0   0   0   0   0   0   0   0   0   0   0   0   0   0   0   0   0   0   0   0   0   0   0   0   0   0   0   0   0   0   0   0   0   0   0   0  93     839 886 997 999 999100010001000
38#VALKYRIE           0   0   0   0   0   0   0   0   0   0   0   0   0   0   0   0   0   0   0   0   0   0   0   0   0   0   0   0   0   0   0   0   0   0   0   0  10 160     584 970 999 999100010001000
37#FIVEROW            0   0   0   0   0   0   0   0   0   0   0   0   0   0   0   0   0   0   0   0   0   0   0   0   0   0   0   0   0   0   0   0   0   0   0   0   5 113 415     952 999 999100010001000
40#STAHLFAUST         0   0   0   0   0   0   0   0   0   0   0   0   0   0   0   0   0   0   0   0   0   0   0   0   0   0   0   0   0   0   0   0   0   0   0   0   0   2  29  47     942 999 99910001000
42#CRUSHER            0   0   0   0   0   0   0   0   0   0   0   0   0   0   0   0   0   0   0   0   0   0   0   0   0   0   0   0   0   0   0   0   0   0   0   0   0   0   0   0  57     969 999 9991000
43#PROLOG             0   0   0   0   0   0   0   0   0   0   0   0   0   0   0   0   0   0   0   0   0   0   0   0   0   0   0   0   0   0   0   0   0   0   0   0   0   0   0   0   0  30     999 999 999
46#AIBB               0   0   0   0   0   0   0   0   0   0   0   0   0   0   0   0   0   0   0   0   0   0   0   0   0   0   0   0   0   0   0   0   0   0   0   0   0   0   0   0   0   0   0     973 999
44#MUSHROOM           0   0   0   0   0   0   0   0   0   0   0   0   0   0   0   0   0   0   0   0   0   0   0   0   0   0   0   0   0   0   0   0   0   0   0   0   0   0   0   0   0   0   0  26     972
45#WHATATEAM          0   0   0   0   0   0   0   0   0   0   0   0   0   0   0   0   0   0   0   0   0   0   0   0   0   0   0   0   0   0   0   0   0   0   0   0   0   0   0   0   0   0   0   0  27    
