(0, 1, 0)	1	0	147811	54419	30	29
(1, 0, 0)	2	0	12110	5183	9	9
(0, 2, 0)	1	0	18622	33604	13	12
(2, 0, 0)	2	0	119137	67782	34	34
(0, 3, 0)	1	0	25698	101236	19	18
(3, 0, 0)	2	0	59148	6478	8	8
(0, 4, 0)	1	0	34973	77667	15	14
(4, 0, 0)	2	0	70756	8369	18	18
(0, 5, 0)	2	0	8790	32090	19	19
(5, 0, 0)	1	0	67987	11622	19	18
(0, 6, 0)	1	0	9024	87250	13	12
(6, 0, 0)	2	0	125270	64221	15	15
(0, 7, 0)	1	0	18389	13015	20	19
(7, 0, 0)	2	0	13455	6129	13	13
(0, 8, 0)	1	0	18324	42571	13	12
(8, 0, 0)	2	0	23716	5562	12	12
(0, 9, 0)	1	0	58474	108067	21	20
(9, 0, 0)	2	0	50053	4333	10	10
(0, 10, 0)	1	0	26716	122175	26	25
(10, 0, 0)	2	0	65724	19855	19	19
(0, 11, 0)	1	0	15580	50760	18	17
(11, 0, 0)	1	0	50383	39907	22	21
(0, 12, 0)	1	0	17541	63827	13	12
(12, 0, 0)	2	0	95456	10888	13	13
(0, 13, 0)	1	0	13745	31231	16	15
(13, 0, 0)	2	0	34468	24138	15	15
(0, 14, 0)	1	0	37036	10005	14	13
(14, 0, 0)	2	0	17137	14645	11	11
(0, 15, 0)	1	0	28191	54149	23	22
(15, 0, 0)	2	0	19454	3069	9	9
(1, 2, 0)	2	0	11512	18892	9	9
(2, 1, 0)	2	0	93072	14310	25	25
(1, 3, 0)	1	0	21745	94573	15	14
(3, 1, 0)	1	0	154762	78603	46	45
(1, 4, 0)	2	0	11875	50903	9	9
(4, 1, 0)	2	0	51348	5544	15	15
(1, 5, 0)	2	0	11536	7201	10	10
(5, 1, 0)	1	0	75088	22109	19	18
(1, 6, 0)	1	0	19093	151078	19	18
(6, 1, 0)	2	0	158121	35591	27	27
(1, 7, 0)	2	0	11914	5223	11	11
(7, 1, 0)	2	0	167369	25411	25	25
(1, 8, 0)	1	0	34268	99427	23	22
(8, 1, 0)	2	0	18662	4490	10	10
(1, 9, 0)	2	0	11596	21045	9	9
(9, 1, 0)	1	0	51047	8573	12	11
(1, 10, 0)	1	0	12180	76175	21	20
(10, 1, 0)	2	0	104048	17949	19	19
(1, 11, 0)	1	0	54372	176283	32	31
(11, 1, 0)	2	0	63863	9495	21	21
(1, 12, 0)	2	0	11859	18989	9	9
(12, 1, 0)	2	0	113351	15663	16	16
(1, 13, 0)	1	0	15543	48664	21	20
(13, 1, 0)	2	0	25151	5589	11	11
(1, 14, 0)	1	0	3431	7443	11	10
(14, 1, 0)	2	0	11973	6506	7	7
(1, 15, 0)	2	0	11722	12596	10	10
(15, 1, 0)	2	0	78170	20137	31	31
(2, 3, 0)	1	0	61896	76070	17	16
(3, 2, 0)	2	0	58592	25758	15	15
(2, 4, 0)	1	0	61538	70921	17	16
(4, 2, 0)	2	0	73424	31301	16	16
(2, 5, 0)	2	0	56792	18258	14	14
(5, 2, 0)	1	0	55433	37967	13	12
(2, 6, 0)	1	0	142419	176358	47	46
(6, 2, 0)	1	0	125222	87986	19	18
(2, 7, 0)	2	0	54911	45761	14	14
(7, 2, 0)	2	0	16019	40986	15	15
(2, 8, 0)	1	0	44010	27331	16	15
(8, 2, 0)	2	0	22033	28015	9	9
(2, 9, 0)	1	0	40684	90495	15	14
(9, 2, 0)	2	0	85273	28945	14	14
(2, 10, 0)	1	0	146982	174096	59	58
(10, 2, 0)	2	0	141772	66068	22	22
(2, 11, 0)	1	0	44534	79658	18	17
(11, 2, 0)	2	0	19655	23554	14	14
(2, 12, 0)	2	0	53856	105961	15	15
(12, 2, 0)	2	0	43736	20035	9	9
(2, 13, 0)	1	0	58067	42938	17	16
(13, 2, 0)	2	0	17318	10241	7	7
(2, 14, 0)	1	0	39153	13995	12	11
(14, 2, 0)	2	0	25211	81523	16	16
(2, 15, 0)	1	0	37750	35084	15	14
(15, 2, 0)	2	0	38117	31408	14	14
(3, 4, 0)	1	0	76751	59189	13	12
(4, 3, 0)	1	0	131508	124612	26	25
(3, 5, 0)	2	0	67012	28251	14	14
(5, 3, 0)	1	0	45181	64166	9	8
(3, 6, 0)	1	0	96289	143859	20	19
(6, 3, 0)	2	0	111941	57502	15	15
(3, 7, 0)	1	0	91030	55750	15	14
(7, 3, 0)	2	0	18750	68609	15	15
(3, 8, 0)	1	0	94512	42499	13	12
(8, 3, 0)	2	0	12839	29290	9	9
(3, 9, 0)	1	0	101140	120741	23	22
(9, 3, 0)	2	0	158225	126907	36	36
(3, 10, 0)	1	0	117078	138647	28	27
(10, 3, 0)	1	0	88125	87970	17	16
(3, 11, 0)	2	0	88449	85966	17	17
(11, 3, 0)	1	0	17084	62229	15	14
(3, 12, 0)	1	0	91516	113510	15	14
(12, 3, 0)	2	0	33409	50687	9	9
(3, 13, 0)	1	0	42412	10487	9	8
(13, 3, 0)	2	0	47211	77862	16	16
(3, 14, 0)	1	0	97501	17951	19	18
(14, 3, 0)	2	0	16982	75549	12	12
(3, 15, 0)	1	0	93256	76543	26	25
(15, 3, 0)	2	0	37228	78582	16	16
(4, 5, 0)	2	0	39753	20828	15	15
(5, 4, 0)	1	0	50259	51196	17	16
(4, 6, 0)	2	0	173576	173122	60	60
(6, 4, 0)	2	0	121776	88638	12	12
(4, 7, 0)	1	0	153679	179778	25	24
(7, 4, 0)	1	0	12684	84180	17	16
(4, 8, 0)	1	0	99504	44324	17	16
(8, 4, 0)	2	0	24226	64380	11	11
(4, 9, 0)	1	0	88121	97176	18	17
(9, 4, 0)	2	0	96028	70455	15	15
(4, 10, 0)	2	0	32094	26939	16	16
(10, 4, 0)	2	0	149013	136707	29	29
(4, 11, 0)	2	0	110250	68597	18	18
(11, 4, 0)	1	0	17710	61139	14	13
(4, 12, 0)	2	0	29895	33853	13	13
(12, 4, 0)	2	0	157765	112351	27	27
(4, 13, 0)	1	0	34283	6370	6	5
(13, 4, 0)	1	0	34535	60955	16	15
(4, 14, 0)	1	0	64089	12224	11	10
(14, 4, 0)	2	0	14244	52704	10	10
(4, 15, 0)	2	0	31825	16108	15	15
(15, 4, 0)	2	0	27201	57706	10	10
(5, 6, 0)	1	0	168124	178583	53	52
(6, 5, 0)	2	0	117266	49421	15	15
(5, 7, 0)	1	0	55620	9230	12	11
(7, 5, 0)	2	0	71906	110820	24	24
(5, 8, 0)	1	0	76132	33502	11	10
(8, 5, 0)	2	0	22758	20811	10	10
(5, 9, 0)	1	0	87030	131215	23	22
(9, 5, 0)	2	0	112753	70588	18	18
(5, 10, 0)	1	0	81062	91059	17	16
(10, 5, 0)	2	0	124276	101585	23	23
(5, 11, 0)	1	0	65770	83282	19	18
(11, 5, 0)	2	0	36355	60836	16	16
(5, 12, 0)	1	0	37803	40279	6	5
(12, 5, 0)	2	0	126980	84867	20	20
(5, 13, 0)	1	0	48059	11673	10	9
(13, 5, 0)	2	0	17097	35866	7	7
(5, 14, 0)	1	0	44440	10883	11	10
(14, 5, 0)	2	0	30807	60662	17	17
(5, 15, 0)	1	0	45440	10338	10	9
(15, 5, 0)	2	0	19538	8944	9	9
(6, 7, 0)	1	0	120360	115034	18	17
(7, 6, 0)	2	0	179829	130427	21	21
(6, 8, 0)	2	0	118989	14444	16	16
(8, 6, 0)	2	0	16966	29653	14	14
(6, 9, 0)	2	0	131513	93245	17	17
(9, 6, 0)	2	0	168718	172336	44	44
(6, 10, 0)	2	0	88438	3999	13	13
(10, 6, 0)	1	0	25900	97395	14	13
(6, 11, 0)	2	0	148552	173494	22	22
(11, 6, 0)	2	0	148063	112361	31	31
(6, 12, 0)	1	0	102638	126911	17	16
(12, 6, 0)	2	0	143840	117426	25	25
(6, 13, 0)	1	0	148907	34185	26	25
(13, 6, 0)	2	0	111024	141388	30	30
(6, 14, 0)	1	0	134993	43052	34	33
(14, 6, 0)	2	0	65667	173800	49	49
(6, 15, 0)	1	0	127487	83526	27	26
(15, 6, 0)	2	0	71438	128855	21	21
(7, 8, 0)	2	0	79262	63223	21	21
(8, 7, 0)	2	0	22643	9350	10	10
(7, 9, 0)	2	0	141072	111370	26	26
(9, 7, 0)	2	0	106701	26259	16	16
(7, 10, 0)	2	0	21765	62087	16	16
(10, 7, 0)	2	0	33001	9070	10	10
(7, 11, 0)	1	0	84384	64845	19	18
(11, 7, 0)	1	0	77562	46390	18	17
(7, 12, 0)	1	0	8597	35214	6	5
(12, 7, 0)	2	0	43316	2512	7	7
(7, 13, 0)	1	0	14668	21771	17	16
(13, 7, 0)	2	0	30265	38487	15	15
(7, 14, 0)	1	0	20794	11381	12	11
(14, 7, 0)	2	0	14073	4376	11	11
(7, 15, 0)	2	0	13748	10024	13	13
(15, 7, 0)	2	0	25114	1978	9	9
(8, 9, 0)	2	0	27598	59806	10	10
(9, 8, 0)	2	0	138404	50968	23	23
(8, 10, 0)	2	0	52814	42460	10	10
(10, 8, 0)	2	0	107168	78915	25	25
(8, 11, 0)	2	0	16881	42610	10	10
(11, 8, 0)	2	0	94008	105174	29	29
(8, 12, 0)	2	0	22597	31142	10	10
(12, 8, 0)	2	0	137941	67817	19	19
(8, 13, 0)	1	0	13313	14904	14	13
(13, 8, 0)	2	0	25996	16881	13	13
(8, 14, 0)	2	0	21875	6360	6	6
(14, 8, 0)	1	0	37770	49855	16	15
(8, 15, 0)	2	0	25200	15409	14	14
(15, 8, 0)	2	0	35265	28250	21	21
(9, 10, 0)	1	0	139153	144930	30	29
(10, 9, 0)	2	0	158311	140056	32	32
(9, 11, 0)	1	0	125324	58127	33	32
(11, 9, 0)	1	0	24551	89865	16	15
(9, 12, 0)	2	0	66242	67632	15	15
(12, 9, 0)	2	0	85604	65638	10	10
(9, 13, 0)	1	0	47516	24135	9	8
(13, 9, 0)	2	0	53260	70472	11	11
(9, 14, 0)	1	0	77304	22412	17	16
(14, 9, 0)	2	0	8985	45160	12	12
(9, 15, 0)	1	0	64160	46411	13	12
(15, 9, 0)	2	0	54443	93008	17	17
(10, 11, 0)	2	0	171336	115750	43	43
(11, 10, 0)	2	0	127533	171662	49	49
(10, 12, 0)	1	0	144013	124568	26	25
(12, 10, 0)	2	0	101451	23829	14	14
(10, 13, 0)	1	0	74169	41544	18	17
(13, 10, 0)	2	0	88626	120048	21	21
(10, 14, 0)	1	0	13347	14642	13	12
(14, 10, 0)	2	0	13448	21735	17	17
(10, 15, 0)	1	0	70838	58413	18	17
(15, 10, 0)	2	0	19546	17035	10	10
(11, 12, 0)	2	0	140165	155573	47	47
(12, 11, 0)	1	0	98427	90613	21	20
(11, 13, 0)	1	0	16251	22019	15	14
(13, 11, 0)	2	0	24951	25159	9	9
(11, 14, 0)	2	0	102852	47289	38	38
(14, 11, 0)	2	0	43778	75767	23	23
(11, 15, 0)	1	0	25384	10234	10	9
(15, 11, 0)	2	0	23383	53136	14	14
(12, 13, 0)	1	0	102441	23440	17	16
(13, 12, 0)	2	0	31923	59461	11	11
(12, 14, 0)	2	0	145197	24388	23	23
(14, 12, 0)	2	0	34875	128811	24	24
(12, 15, 0)	2	0	43876	10295	10	10
(15, 12, 0)	1	0	105171	166580	42	41
(13, 14, 0)	1	0	52537	27817	23	22
(14, 13, 0)	2	0	16459	18017	13	13
(13, 15, 0)	2	0	61986	77821	24	24
(15, 13, 0)	2	0	28556	16612	19	19
(14, 15, 0)	2	0	15794	16815	17	17
(15, 14, 0)	2	0	59200	22891	15	15
(0, 1, 1)	2	0	43036	19013	15	15
(1, 0, 1)	2	0	11524	10158	11	11
(0, 2, 1)	1	0	33385	59159	16	15
(2, 0, 1)	2	0	158238	165092	54	54
(0, 3, 1)	1	0	19517	87736	11	10
(3, 0, 1)	2	0	81997	17684	12	12
(0, 4, 1)	1	0	52306	109487	27	26
(4, 0, 1)	1	0	163179	175034	39	38
(0, 5, 1)	1	0	80019	133443	29	28
(5, 0, 1)	1	0	91044	5801	17	16
(0, 6, 1)	2	4	68778	89565	8	8
(6, 0, 1)	1	4	101668	46873	9	8
(0, 7, 1)	1	0	13848	7599	18	17
(7, 0, 1)	2	0	43475	34146	18	18
(0, 8, 1)	1	0	16706	22001	8	7
(8, 0, 1)	1	0	32375	5001	13	12
(0, 9, 1)	1	0	52942	108550	17	16
(9, 0, 1)	2	0	110083	31191	18	18
(0, 10, 1)	2	4	76661	78511	14	14
(10, 0, 1)	2	0	140510	57337	30	30
(0, 11, 1)	1	0	24375	31802	13	12
(11, 0, 1)	2	0	46253	6376	16	16
(0, 12, 1)	1	0	7058	15441	9	8
(12, 0, 1)	2	0	82515	9361	10	10
(0, 13, 1)	1	0	4435	2870	9	8
(13, 0, 1)	2	0	6276	1912	9	9
(0, 14, 1)	1	0	13448	17421	11	10
(14, 0, 1)	2	0	27374	31995	15	15
(0, 15, 1)	1	0	29317	45207	15	14
(15, 0, 1)	1	0	21174	5296	16	15
(1, 2, 1)	2	0	14895	48865	16	16
(2, 1, 1)	1	0	81454	21432	24	23
(1, 3, 1)	2	0	11898	69761	11	11
(3, 1, 1)	1	0	77756	13459	17	16
(1, 4, 1)	2	0	12074	93869	11	11
(4, 1, 1)	1	0	146882	52700	24	23
(1, 5, 1)	2	0	11296	33757	10	10
(5, 1, 1)	1	0	37358	7650	15	14
(1, 6, 1)	1	0	14689	128121	19	18
(6, 1, 1)	1	0	145905	57979	27	26
(1, 7, 1)	2	0	6491	3216	10	10
(7, 1, 1)	2	0	179817	29506	34	34
(1, 8, 1)	1	0	27253	110640	30	29
(8, 1, 1)	1	0	22067	10417	17	16
(1, 9, 1)	1	0	7549	82574	15	14
(9, 1, 1)	2	0	169994	62055	48	48
(1, 10, 1)	2	0	6596	11654	10	10
(10, 1, 1)	2	0	130817	17447	27	27
(1, 11, 1)	1	0	24487	93128	37	36
(11, 1, 1)	2	0	134790	22071	34	34
(1, 12, 1)	2	0	19390	107836	15	15
(12, 1, 1)	2	0	85028	11894	10	10
(1, 13, 1)	1	0	4089	5708	8	7
(13, 1, 1)	2	0	6247	1811	9	9
(1, 14, 1)	1	0	7442	14327	16	15
(14, 1, 1)	2	0	29954	12586	23	23
(1, 15, 1)	1	0	1744	15270	8	7
(15, 1, 1)	1	0	20130	8438	15	14
(2, 3, 1)	2	0	135329	154103	44	44
(3, 2, 1)	2	0	112964	60508	24	24
(2, 4, 1)	1	0	30332	46634	12	11
(4, 2, 1)	2	0	168819	118918	49	49
(2, 5, 1)	1	0	65537	73670	21	20
(5, 2, 1)	1	0	34640	23748	12	11
(2, 6, 1)	2	0	151207	155202	46	46
(6, 2, 1)	2	0	121294	28580	13	13
(2, 7, 1)	1	0	18694	6560	10	9
(7, 2, 1)	1	0	17946	45080	16	15
(2, 8, 1)	1	0	73582	53114	15	14
(8, 2, 1)	2	0	49011	54288	19	19
(2, 9, 1)	1	0	41801	65417	13	12
(9, 2, 1)	2	0	91488	54741	18	18
(2, 10, 1)	1	0	97592	127279	27	26
(10, 2, 1)	1	0	173379	105755	52	51
(2, 11, 1)	1	0	28858	32207	12	11
(11, 2, 1)	2	0	51611	37482	20	20
(2, 12, 1)	1	0	36387	77274	11	10
(12, 2, 1)	2	0	108623	48406	14	14
(2, 13, 1)	1	0	59721	33980	21	20
(13, 2, 1)	2	0	5764	6489	9	9
(2, 14, 1)	1	0	17829	10054	12	11
(14, 2, 1)	2	0	29119	42974	12	12
(2, 15, 1)	1	0	23105	20424	10	9
(15, 2, 1)	2	0	30369	21744	18	18
(3, 4, 1)	2	0	112600	118772	25	25
(4, 3, 1)	1	0	121495	93207	20	19
(3, 5, 1)	1	0	65083	35264	13	12
(5, 3, 1)	2	0	163575	151666	51	51
(3, 6, 1)	1	0	116413	162754	29	28
(6, 3, 1)	2	0	165060	140153	39	39
(3, 7, 1)	1	0	41709	4018	10	9
(7, 3, 1)	1	0	38202	81807	12	11
(3, 8, 1)	1	0	72698	37454	13	12
(8, 3, 1)	1	0	28169	50180	17	16
(3, 9, 1)	1	0	93893	117520	23	22
(9, 3, 1)	2	0	129525	82091	24	24
(3, 10, 1)	2	0	94069	101561	30	30
(10, 3, 1)	2	0	65816	87578	21	21
(3, 11, 1)	2	0	116696	106101	24	24
(11, 3, 1)	2	0	90374	65826	19	19
(3, 12, 1)	1	0	41121	42083	8	7
(12, 3, 1)	2	0	118349	79009	17	17
(3, 13, 1)	2	0	68727	9928	13	13
(13, 3, 1)	2	0	5828	29702	9	9
(3, 14, 1)	1	0	41790	8190	11	10
(14, 3, 1)	2	0	11355	71471	13	13
(3, 15, 1)	1	0	41296	9206	12	11
(15, 3, 1)	1	0	14862	45758	23	22
(4, 5, 1)	2	0	71715	36635	14	14
(5, 4, 1)	2	0	157955	158924	39	39
(4, 6, 1)	1	0	77608	78104	11	10
(6, 4, 1)	2	0	126487	115519	16	16
(4, 7, 1)	2	0	74925	7370	14	14
(7, 4, 1)	2	0	72754	114072	20	20
(4, 8, 1)	1	0	112039	68639	21	20
(8, 4, 1)	2	0	120268	123257	28	28
(4, 9, 1)	1	0	60639	68416	12	11
(9, 4, 1)	2	0	152021	119334	27	27
(4, 10, 1)	1	0	98415	64146	18	17
(10, 4, 1)	2	0	114344	129255	25	25
(4, 11, 1)	1	0	40681	18437	11	10
(11, 4, 1)	1	0	13951	47928	14	13
(4, 12, 1)	1	0	91138	76837	11	10
(12, 4, 1)	2	0	113195	72704	15	15
(4, 13, 1)	2	0	37768	7485	12	12
(13, 4, 1)	2	0	8636	60862	8	8
(4, 14, 1)	1	0	58332	7929	11	10
(14, 4, 1)	2	0	12211	62033	13	13
(4, 15, 1)	1	0	46556	15506	8	7
(15, 4, 1)	1	0	20973	50496	17	16
(5, 6, 1)	1	0	157477	173169	36	35
(6, 5, 1)	2	0	120830	27891	13	13
(5, 7, 1)	1	0	35777	1548	16	15
(7, 5, 1)	2	0	24817	63305	18	18
(5, 8, 1)	1	0	83578	90290	22	21
(8, 5, 1)	2	0	47772	80350	16	16
(5, 9, 1)	1	0	51699	36098	13	12
(9, 5, 1)	2	0	111326	61725	17	17
(5, 10, 1)	1	0	123065	120178	22	21
(10, 5, 1)	2	0	129516	102309	26	26
(5, 11, 1)	1	0	57319	60586	20	19
(11, 5, 1)	2	0	99891	46457	18	18
(5, 12, 1)	1	0	33462	13397	6	5
(12, 5, 1)	2	0	99498	34682	12	12
(5, 13, 1)	1	0	53921	5464	15	14
(13, 5, 1)	2	0	7743	15618	8	8
(5, 14, 1)	1	0	49857	10372	13	12
(14, 5, 1)	2	0	23715	51775	11	11
(5, 15, 1)	1	0	31269	12308	11	10
(15, 5, 1)	2	0	30533	36772	14	14
(6, 7, 1)	1	0	8038	3067	10	9
(7, 6, 1)	2	0	179812	153965	28	28
(6, 8, 1)	2	0	108907	9772	13	13
(8, 6, 1)	1	0	136154	159527	42	41
(6, 9, 1)	1	0	148565	150907	32	31
(9, 6, 1)	1	0	82126	118153	18	17
(6, 10, 1)	1	0	153654	136147	34	33
(10, 6, 1)	2	0	128618	129264	27	27
(6, 11, 1)	1	0	131510	138567	32	31
(11, 6, 1)	2	0	169460	146456	42	42
(6, 12, 1)	2	0	26119	56780	14	14
(12, 6, 1)	2	0	167194	155965	39	39
(6, 13, 1)	1	0	7717	3112	11	10
(13, 6, 1)	2	0	6631	9317	10	10
(6, 14, 1)	1	0	93362	26048	33	32
(14, 6, 1)	2	0	67849	148605	26	26
(6, 15, 1)	1	0	112902	46494	18	17
(15, 6, 1)	2	0	40954	63938	13	13
(7, 8, 1)	1	0	6833	16857	13	12
(8, 7, 1)	1	0	120511	94427	36	35
(7, 9, 1)	1	0	165733	148540	33	32
(9, 7, 1)	1	0	42695	3185	10	9
(7, 10, 1)	2	0	179823	177989	79	79
(10, 7, 1)	1	0	14659	2260	10	9
(7, 11, 1)	2	0	28047	27544	16	16
(11, 7, 1)	1	0	11189	2081	9	8
(7, 12, 1)	1	0	7309	46640	6	5
(12, 7, 1)	2	0	65460	10459	8	8
(7, 13, 1)	1	0	7822	7890	13	12
(13, 7, 1)	2	0	7683	913	8	8
(7, 14, 1)	1	0	144579	16857	21	20
(14, 7, 1)	1	0	9377	3918	10	9
(7, 15, 1)	1	0	4626	15192	8	7
(15, 7, 1)	1	0	11728	12335	18	17
(8, 9, 1)	1	0	22154	59862	16	15
(9, 8, 1)	1	0	132686	89308	24	23
(8, 10, 1)	1	0	139992	143004	36	35
(10, 8, 1)	2	0	55870	49656	21	21
(8, 11, 1)	2	0	27143	46701	12	12
(11, 8, 1)	2	0	107507	78001	25	25
(8, 12, 1)	2	0	109636	129599	21	21
(12, 8, 1)	2	0	87592	30157	12	12
(8, 13, 1)	1	0	22165	14439	14	13
(13, 8, 1)	1	0	6476	2324	14	13
(8, 14, 1)	1	0	32228	5211	11	10
(14, 8, 1)	2	0	28522	32189	15	15
(8, 15, 1)	1	0	16870	10463	11	10
(15, 8, 1)	2	0	41878	28349	14	14
(9, 10, 1)	2	0	151348	149751	35	35
(10, 9, 1)	2	0	84797	107894	22	22
(9, 11, 1)	2	0	100626	81562	21	21
(11, 9, 1)	2	0	74323	117080	24	24
(9, 12, 1)	1	0	112527	121627	20	19
(12, 9, 1)	2	0	88203	77814	12	12
(9, 13, 1)	1	0	9470	2833	9	8
(13, 9, 1)	2	0	32305	109923	17	17
(9, 14, 1)	1	0	159183	53230	37	36
(14, 9, 1)	2	0	23727	61655	17	17
(9, 15, 1)	1	0	57396	42298	13	12
(15, 9, 1)	1	0	20710	65809	17	16
(10, 11, 1)	1	0	148622	91633	47	46
(11, 10, 1)	2	0	59559	81212	28	28
(10, 12, 1)	1	0	14212	52626	13	12
(12, 10, 1)	1	0	166244	173711	44	43
(10, 13, 1)	1	0	25288	7112	11	10
(13, 10, 1)	2	0	6875	7363	15	15
(10, 14, 1)	1	0	14593	5300	11	10
(14, 10, 1)	2	0	25078	42330	15	15
(10, 15, 1)	1	0	15415	13996	14	13
(15, 10, 1)	2	0	30588	17778	17	17
(11, 12, 1)	1	0	17699	59104	12	11
(12, 11, 1)	1	0	63584	94601	13	12
(11, 13, 1)	1	0	37555	11841	13	12
(13, 11, 1)	2	0	13248	6288	10	10
(11, 14, 1)	1	0	9037	4957	10	9
(14, 11, 1)	2	0	30493	62808	22	22
(11, 15, 1)	1	0	15111	15372	13	12
(15, 11, 1)	2	0	38995	63401	16	16
(12, 13, 1)	1	0	10920	2725	9	8
(13, 12, 1)	2	0	5922	10500	9	9
(12, 14, 1)	1	0	78456	16409	13	12
(14, 12, 1)	1	0	9232	54178	8	7
(12, 15, 1)	2	0	99577	35317	12	12
(15, 12, 1)	1	0	11821	43155	8	7
(13, 14, 1)	1	0	64268	34550	49	48
(14, 13, 1)	2	0	23054	47471	13	13
(13, 15, 1)	2	0	6410	7073	10	10
(15, 13, 1)	1	0	20849	6563	12	11
(14, 15, 1)	1	0	10743	16975	11	10
(15, 14, 1)	1	0	11738	9941	13	12
(0, 1, 2)	1	0	10448	12969	10	9
(1, 0, 2)	2	0	22171	14985	15	15
(0, 2, 2)	1	0	21736	32516	16	15
(2, 0, 2)	1	0	95833	30030	27	26
(0, 3, 2)	1	0	13227	81823	12	11
(3, 0, 2)	2	0	84377	16308	16	16
(0, 4, 2)	1	0	25464	71198	17	16
(4, 0, 2)	2	0	51891	8490	12	12
(0, 5, 2)	2	0	60213	128358	23	23
(5, 0, 2)	1	0	53057	10611	16	15
(0, 6, 2)	1	0	8504	65076	10	9
(6, 0, 2)	2	0	145200	23711	29	29
(0, 7, 2)	1	0	13850	7730	11	10
(7, 0, 2)	2	0	86332	32384	24	24
(0, 8, 2)	1	0	9973	12477	12	11
(8, 0, 2)	2	0	22236	3119	9	9
(0, 9, 2)	1	0	12501	51563	10	9
(9, 0, 2)	2	0	127591	43146	21	21
(0, 10, 2)	1	0	43392	156265	34	33
(10, 0, 2)	1	4	56097	10693	10	9
(0, 11, 2)	1	0	11017	39583	12	11
(11, 0, 2)	2	0	12237	5672	12	12
(0, 12, 2)	1	0	9836	96649	14	13
(12, 0, 2)	2	0	53912	8152	7	7
(0, 13, 2)	1	0	15948	27002	11	10
(13, 0, 2)	2	0	20166	6879	17	17
(0, 14, 2)	1	0	27257	15152	13	12
(14, 0, 2)	2	0	20542	5769	12	12
(0, 15, 2)	1	0	15400	28854	13	12
(15, 0, 2)	2	0	38950	9461	15	15
(1, 2, 2)	2	0	21108	45347	12	12
(2, 1, 2)	2	0	117981	38144	33	33
(1, 3, 2)	2	0	11644	80500	14	14
(3, 1, 2)	2	0	79058	14511	14	14
(1, 4, 2)	2	0	23163	103395	14	14
(4, 1, 2)	2	0	142166	19572	26	26
(1, 5, 2)	2	0	17688	72101	12	12
(5, 1, 2)	1	0	27393	21377	16	15
(1, 6, 2)	2	4	147210	170307	40	40
(6, 1, 2)	2	0	75931	4746	11	11
(1, 7, 2)	1	0	48691	179814	43	42
(7, 1, 2)	1	0	47101	21403	13	12
(1, 8, 2)	1	0	15508	49333	21	20
(8, 1, 2)	2	0	52862	16119	18	18
(1, 9, 2)	1	0	39555	150755	30	29
(9, 1, 2)	2	0	176401	92912	62	62
(1, 10, 2)	2	0	10153	42459	16	16
(10, 1, 2)	1	0	91413	21997	21	20
(1, 11, 2)	1	0	6248	29002	11	10
(11, 1, 2)	2	0	93626	4306	12	12
(1, 12, 2)	1	0	36046	149729	25	24
(12, 1, 2)	1	0	51898	12907	10	9
(1, 13, 2)	1	0	4745	19339	12	11
(13, 1, 2)	2	0	30758	23943	28	28
(1, 14, 2)	1	0	8935	11015	12	11
(14, 1, 2)	2	0	14541	6520	10	10
(1, 15, 2)	2	0	15790	40626	15	15
(15, 1, 2)	1	0	17554	14414	8	7
(2, 3, 2)	1	0	26478	46631	8	7
(3, 2, 2)	2	0	96473	67860	22	22
(2, 4, 2)	2	0	47498	109606	16	16
(4, 2, 2)	2	0	69475	33391	16	16
(2, 5, 2)	2	0	47251	47752	17	17
(5, 2, 2)	1	0	34609	27571	12	11
(2, 6, 2)	2	0	113375	120943	31	31
(6, 2, 2)	2	0	82614	46086	13	13
(2, 7, 2)	1	0	29036	14667	10	9
(7, 2, 2)	2	0	177934	108183	30	30
(2, 8, 2)	2	0	47291	29189	19	19
(8, 2, 2)	2	0	148682	120020	44	44
(2, 9, 2)	2	0	47255	88178	17	17
(9, 2, 2)	1	0	85207	67854	15	14
(2, 10, 2)	2	0	63864	62355	16	16
(10, 2, 2)	1	0	30465	23579	13	12
(2, 11, 2)	1	0	37283	53890	17	16
(11, 2, 2)	2	0	87221	19107	11	11
(2, 12, 2)	1	0	32735	45939	7	6
(12, 2, 2)	2	0	123072	81522	17	17
(2, 13, 2)	1	0	33793	18282	14	13
(13, 2, 2)	2	0	8800	19133	7	7
(2, 14, 2)	1	0	68678	12551	14	13
(14, 2, 2)	2	0	24439	78473	23	23
(2, 15, 2)	1	0	23798	15287	14	13
(15, 2, 2)	1	0	39446	34448	18	17
(3, 4, 2)	2	0	117149	127893	23	23
(4, 3, 2)	2	0	81075	76453	17	17
(3, 5, 2)	2	0	91145	88513	19	19
(5, 3, 2)	1	0	41968	86990	17	16
(3, 6, 2)	1	0	51662	87649	12	11
(6, 3, 2)	2	0	77415	51368	11	11
(3, 7, 2)	2	0	109132	150839	26	26
(7, 3, 2)	1	0	37035	84441	17	16
(3, 8, 2)	2	0	93174	45028	14	14
(8, 3, 2)	2	0	37793	66798	15	15
(3, 9, 2)	1	0	57727	42914	14	13
(9, 3, 2)	1	0	76561	70682	14	13
(3, 10, 2)	1	0	92552	71091	19	18
(10, 3, 2)	2	0	101969	93095	18	18
(3, 11, 2)	2	0	100553	101266	34	34
(11, 3, 2)	2	0	98939	52814	11	11
(3, 12, 2)	1	0	90207	79343	13	12
(12, 3, 2)	2	0	113641	87334	18	18
(3, 13, 2)	1	0	23681	10037	11	10
(13, 3, 2)	2	0	16436	68934	16	16
(3, 14, 2)	1	0	69690	11858	13	12
(14, 3, 2)	2	0	26276	108575	24	24
(3, 15, 2)	1	0	30372	15436	8	7
(15, 3, 2)	2	0	45323	44038	19	19
(4, 5, 2)	2	0	43035	27177	12	12
(5, 4, 2)	1	0	45042	52131	14	13
(4, 6, 2)	1	0	136784	142003	23	22
(6, 4, 2)	1	0	176791	172317	55	54
(4, 7, 2)	2	0	69601	9858	17	17
(7, 4, 2)	2	0	156747	125787	30	30
(4, 8, 2)	1	0	109795	35984	15	14
(8, 4, 2)	2	0	83718	123460	17	17
(4, 9, 2)	1	0	109075	117060	18	17
(9, 4, 2)	2	0	114816	112440	17	17
(4, 10, 2)	2	0	95828	59994	19	19
(10, 4, 2)	2	0	57761	77103	12	12
(4, 11, 2)	1	0	58085	62885	10	9
(11, 4, 2)	2	0	90347	67730	11	11
(4, 12, 2)	2	0	39135	32678	11	11
(12, 4, 2)	2	0	100116	97973	16	16
(4, 13, 2)	1	0	72153	15581	11	10
(13, 4, 2)	2	0	15581	89147	13	13
(4, 14, 2)	1	0	109960	19596	16	15
(14, 4, 2)	2	0	17682	92285	15	15
(4, 15, 2)	1	0	68377	41947	11	10
(15, 4, 2)	2	0	44916	70892	16	16
(5, 6, 2)	1	0	61628	94653	12	11
(6, 5, 2)	2	0	137690	95456	19	19
(5, 7, 2)	1	0	40011	29326	18	17
(7, 5, 2)	2	0	47957	78548	20	20
(5, 8, 2)	1	0	16725	12600	12	11
(8, 5, 2)	2	0	22185	30865	9	9
(5, 9, 2)	1	0	17556	48969	11	10
(9, 5, 2)	2	0	115388	84381	32	32
(5, 10, 2)	1	0	42700	50311	15	14
(10, 5, 2)	1	0	70592	105922	26	25
(5, 11, 2)	1	0	18574	87027	14	13
(11, 5, 2)	2	0	180282	73513	21	21
(5, 12, 2)	1	0	34194	96524	15	14
(12, 5, 2)	2	0	111129	35706	14	14
(5, 13, 2)	1	0	27753	15219	12	11
(13, 5, 2)	2	0	41810	33764	17	17
(5, 14, 2)	1	0	14158	7902	12	11
(14, 5, 2)	2	0	27037	69840	16	16
(5, 15, 2)	1	0	16209	31795	9	8
(15, 5, 2)	2	0	38407	47441	15	15
(6, 7, 2)	1	0	152281	167842	39	38
(7, 6, 2)	2	0	179777	141466	25	25
(6, 8, 2)	2	0	86863	14551	13	13
(8, 6, 2)	1	0	139986	168112	39	38
(6, 9, 2)	2	0	166035	140315	30	30
(9, 6, 2)	1	0	31125	61449	11	10
(6, 10, 2)	2	0	110265	25409	17	17
(10, 6, 2)	1	0	76346	123949	16	15
(6, 11, 2)	2	0	106720	86071	13	13
(11, 6, 2)	1	0	47937	74247	9	8
(6, 12, 2)	1	0	98819	63619	15	14
(12, 6, 2)	2	0	108161	119068	16	16
(6, 13, 2)	1	0	95133	52887	15	14
(13, 6, 2)	2	0	15863	91756	13	13
(6, 14, 2)	1	0	129858	34790	21	20
(14, 6, 2)	2	0	57441	162962	45	45
(6, 15, 2)	1	0	110843	66504	28	27
(15, 6, 2)	2	0	57569	112436	26	26
(7, 8, 2)	1	0	13622	12510	12	11
(8, 7, 2)	2	0	73426	46667	17	17
(7, 9, 2)	2	0	49595	93494	16	16
(9, 7, 2)	1	0	57049	3384	9	8
(7, 10, 2)	2	0	179777	158772	41	41
(10, 7, 2)	1	0	162008	179835	46	45
(7, 11, 2)	1	0	94776	80166	22	21
(11, 7, 2)	2	0	90681	4202	11	11
(7, 12, 2)	1	0	132554	128719	17	16
(12, 7, 2)	2	0	152634	57047	24	24
(7, 13, 2)	1	0	14218	15245	12	11
(13, 7, 2)	2	0	9209	2224	7	7
(7, 14, 2)	1	0	16600	8732	13	12
(14, 7, 2)	2	0	22897	82833	17	17
(7, 15, 2)	1	0	12656	32080	9	8
(15, 7, 2)	2	0	50629	13241	14	14
(8, 9, 2)	2	0	92977	124579	23	23
(9, 8, 2)	2	0	117596	58202	27	27
(8, 10, 2)	1	0	52034	60671	24	23
(10, 8, 2)	1	0	68551	37534	14	13
(8, 11, 2)	1	0	32256	25689	13	12
(11, 8, 2)	1	0	92907	79729	20	19
(8, 12, 2)	1	0	61794	134429	23	22
(12, 8, 2)	2	0	113254	58926	16	16
(8, 13, 2)	1	0	8743	14625	10	9
(13, 8, 2)	2	0	16973	26382	19	19
(8, 14, 2)	1	0	42579	17215	15	14
(14, 8, 2)	1	0	10595	21308	12	11
(8, 15, 2)	1	0	18037	22453	14	13
(15, 8, 2)	2	0	64805	78953	28	28
(9, 10, 2)	1	0	155323	154011	50	49
(10, 9, 2)	2	0	111371	129116	20	20
(9, 11, 2)	1	0	39457	72528	10	9
(11, 9, 2)	2	0	84130	51124	11	11
(9, 12, 2)	1	0	59158	45783	7	6
(12, 9, 2)	2	0	53851	42771	7	7
(9, 13, 2)	1	0	13516	19494	6	5
(13, 9, 2)	2	0	14843	67164	13	13
(9, 14, 2)	1	0	44430	9003	11	10
(14, 9, 2)	2	0	28506	130762	26	26
(9, 15, 2)	2	0	72908	21562	14	14
(15, 9, 2)	2	0	38109	59859	14	14
(10, 11, 2)	2	0	59279	85092	17	17
(11, 10, 2)	2	0	75889	32365	17	17
(10, 12, 2)	2	0	152474	154518	34	34
(12, 10, 2)	2	0	49980	41666	11	11
(10, 13, 2)	1	0	20245	14635	9	8
(13, 10, 2)	2	0	13963	46438	18	18
(10, 14, 2)	1	0	30183	7054	8	7
(14, 10, 2)	2	0	16459	79904	14	14
(10, 15, 2)	1	0	33560	27128	14	13
(15, 10, 2)	2	0	48063	57718	16	16
(11, 12, 2)	1	0	61727	82426	14	13
(12, 11, 2)	2	0	59547	93391	12	12
(11, 13, 2)	1	0	30345	28879	14	13
(13, 11, 2)	2	0	13580	55273	9	9
(11, 14, 2)	1	0	79435	11328	13	12
(14, 11, 2)	1	0	27236	99325	23	22
(11, 15, 2)	1	0	40191	29311	12	11
(15, 11, 2)	1	0	23215	82794	16	15
(12, 13, 2)	1	0	42721	12901	9	8
(13, 12, 2)	1	0	28919	134548	21	20
(12, 14, 2)	2	0	120672	22998	21	21
(14, 12, 2)	1	0	27477	134910	19	18
(12, 15, 2)	1	0	28689	32181	9	8
(15, 12, 2)	2	0	56146	74295	13	13
(13, 14, 2)	1	0	32085	12047	16	15
(14, 13, 2)	1	0	16105	17286	17	16
(13, 15, 2)	2	0	13447	24671	20	20
(15, 13, 2)	1	0	23547	26322	12	11
(14, 15, 2)	1	0	20788	29725	13	12
(15, 14, 2)	1	0	28740	15348	11	10
(0, 1, 3)	1	0	19055	27004	14	13
(1, 0, 3)	2	0	49960	117164	29	29
(0, 2, 3)	2	4	11145	32617	9	9
(2, 0, 3)	2	0	46537	38455	21	21
(0, 3, 3)	2	4	1599	23942	7	7
(3, 0, 3)	1	0	82785	110094	26	25
(0, 4, 3)	2	4	1396	50459	7	7
(4, 0, 3)	1	0	124913	143091	28	27
(0, 5, 3)	2	4	1583	24309	7	7
(5, 0, 3)	1	0	64320	38585	23	22
(0, 6, 3)	2	0	141801	148529	43	43
(6, 0, 3)	1	4	111155	64047	17	16
(0, 7, 3)	1	0	33466	178217	17	16
(7, 0, 3)	2	0	77500	43332	18	18
(0, 8, 3)	1	0	59320	48357	16	15
(8, 0, 3)	2	0	78625	50217	15	15
(0, 9, 3)	1	0	11937	85505	14	13
(9, 0, 3)	2	0	131150	63265	25	25
(0, 10, 3)	2	4	26986	78000	13	13
(10, 0, 3)	1	4	95984	17880	19	18
(0, 11, 3)	1	0	3651	68941	16	15
(11, 0, 3)	1	4	93858	30176	16	15
(0, 12, 3)	1	0	1198	54316	9	8
(12, 0, 3)	1	0	108808	48455	26	25
(0, 13, 3)	1	0	1259	24952	10	9
(13, 0, 3)	2	0	10203	15868	21	21
(0, 14, 3)	2	4	1533	1964	7	7
(14, 0, 3)	2	0	1230	754	6	6
(0, 15, 3)	1	0	453	9358	8	7
(15, 0, 3)	1	4	46442	30121	13	12
(1, 2, 3)	2	0	7558	16230	8	8
(2, 1, 3)	1	0	60693	28001	22	21
(1, 3, 3)	1	0	36629	103145	32	31
(3, 1, 3)	1	0	35249	30730	18	17
(1, 4, 3)	1	0	9030	57106	18	17
(4, 1, 3)	2	0	154167	72271	40	40
(1, 5, 3)	1	0	26872	133609	33	32
(5, 1, 3)	1	0	108367	42851	22	21
(1, 6, 3)	2	0	5071	54635	8	8
(6, 1, 3)	2	0	132084	18319	18	18
(1, 7, 3)	1	4	5646	31843	4	3
(7, 1, 3)	1	0	114958	18102	12	11
(1, 8, 3)	1	0	22064	62243	19	18
(8, 1, 3)	2	0	86318	28014	20	20
(1, 9, 3)	1	0	10891	80923	16	15
(9, 1, 3)	1	0	89910	47895	19	18
(1, 10, 3)	2	0	29974	90389	26	26
(10, 1, 3)	2	0	93464	21899	17	17
(1, 11, 3)	2	0	13500	45105	15	15
(11, 1, 3)	2	0	94497	11524	20	20
(1, 12, 3)	1	0	4000	79467	12	11
(12, 1, 3)	1	0	46198	14322	15	14
(1, 13, 3)	1	0	4045	21943	13	12
(13, 1, 3)	2	0	3190	4409	10	10
(1, 14, 3)	1	0	7729	3095	13	12
(14, 1, 3)	2	0	1329	1016	6	6
(1, 15, 3)	1	0	3091	9567	9	8
(15, 1, 3)	2	0	82344	17419	26	26
(2, 3, 3)	2	0	46248	38747	21	21
(3, 2, 3)	2	0	66346	43533	26	26
(2, 4, 3)	1	0	85038	122027	34	33
(4, 2, 3)	2	0	148687	64600	33	33
(2, 5, 3)	2	0	80425	92418	28	28
(5, 2, 3)	1	0	58447	45519	22	21
(2, 6, 3)	1	0	26605	100677	26	25
(6, 2, 3)	2	0	114005	52695	17	17
(2, 7, 3)	1	0	53264	165846	16	15
(7, 2, 3)	2	0	179769	96192	33	33
(2, 8, 3)	2	0	24920	33511	14	14
(8, 2, 3)	2	0	47734	15382	9	9
(2, 9, 3)	2	0	53641	77982	21	21
(9, 2, 3)	2	0	71473	42171	21	21
(2, 10, 3)	1	0	47497	69008	22	21
(10, 2, 3)	2	0	117924	52022	21	21
(2, 11, 3)	2	0	29985	68459	12	12
(11, 2, 3)	2	0	177626	72369	36	36
(2, 12, 3)	1	0	938	40088	6	5
(12, 2, 3)	2	0	136073	65733	27	27
(2, 13, 3)	1	0	6605	17213	9	8
(13, 2, 3)	2	0	3193	10540	10	10
(2, 14, 3)	1	0	50709	6092	17	16
(14, 2, 3)	2	0	1531	326	6	6
(2, 15, 3)	1	0	989	9423	11	10
(15, 2, 3)	2	0	59881	42628	32	32
(3, 4, 3)	2	0	133842	139136	30	30
(4, 3, 3)	1	0	132701	76242	25	24
(3, 5, 3)	2	0	130140	72977	28	28
(5, 3, 3)	1	0	51495	53191	20	19
(3, 6, 3)	2	0	161322	171804	43	43
(6, 3, 3)	1	0	155794	93508	35	34
(3, 7, 3)	1	0	37287	176023	16	15
(7, 3, 3)	2	0	124498	40690	18	18
(3, 8, 3)	1	0	4405	16307	6	5
(8, 3, 3)	2	0	112535	94672	25	25
(3, 9, 3)	1	0	22832	92581	13	12
(9, 3, 3)	2	0	114108	48439	21	21
(3, 10, 3)	2	0	100503	70946	29	29
(10, 3, 3)	2	0	113737	63649	30	30
(3, 11, 3)	1	0	22737	72938	15	14
(11, 3, 3)	2	0	81264	30589	20	20
(3, 12, 3)	1	0	21730	54292	9	8
(12, 3, 3)	2	0	114334	63585	19	19
(3, 13, 3)	1	0	12360	17292	9	8
(13, 3, 3)	2	0	7739	33769	16	16
(3, 14, 3)	1	0	69275	6586	17	16
(14, 3, 3)	2	0	1298	404	6	6
(3, 15, 3)	1	0	4559	9591	8	7
(15, 3, 3)	2	0	66469	41145	22	22
(4, 5, 3)	2	0	141160	120697	34	34
(5, 4, 3)	1	0	26253	63315	18	17
(4, 6, 3)	1	0	140057	158567	26	25
(6, 4, 3)	1	0	150376	133549	35	34
(4, 7, 3)	1	0	121068	50440	20	19
(7, 4, 3)	2	0	179803	111478	22	22
(4, 8, 3)	1	0	81410	32464	14	13
(8, 4, 3)	2	0	83871	120056	22	22
(4, 9, 3)	1	0	95566	110979	19	18
(9, 4, 3)	2	0	143587	108655	26	26
(4, 10, 3)	1	0	82578	89458	17	16
(10, 4, 3)	2	0	131646	107922	26	26
(4, 11, 3)	1	0	72281	71828	13	12
(11, 4, 3)	1	0	80495	62519	20	19
(4, 12, 3)	1	0	45502	39773	6	5
(12, 4, 3)	1	0	114905	71664	21	20
(4, 13, 3)	1	0	72094	17339	9	8
(13, 4, 3)	2	0	20051	111882	19	19
(4, 14, 3)	1	0	153737	16709	27	26
(14, 4, 3)	2	0	1222	41749	6	6
(4, 15, 3)	1	0	59542	9359	10	9
(15, 4, 3)	2	0	56800	95771	21	21
(5, 6, 3)	1	0	84837	138435	26	25
(6, 5, 3)	2	0	114661	73146	17	17
(5, 7, 3)	1	0	53331	50764	23	22
(7, 5, 3)	2	0	68885	43458	18	18
(5, 8, 3)	1	0	4745	11636	6	5
(8, 5, 3)	2	0	73775	64806	23	23
(5, 9, 3)	1	0	33347	74908	13	12
(9, 5, 3)	2	0	106184	43991	19	19
(5, 10, 3)	1	0	37850	45468	15	14
(10, 5, 3)	2	0	100355	61285	28	28
(5, 11, 3)	1	0	6928	88591	13	12
(11, 5, 3)	2	0	81293	30752	20	20
(5, 12, 3)	1	0	8283	54281	9	8
(12, 5, 3)	2	0	72724	42929	13	13
(5, 13, 3)	1	0	7299	24653	10	9
(13, 5, 3)	2	0	18717	44987	21	21
(5, 14, 3)	1	0	20619	2533	13	12
(14, 5, 3)	2	0	1238	2017	6	6
(5, 15, 3)	1	0	4719	9726	9	8
(15, 5, 3)	2	0	67178	35066	21	21
(6, 7, 3)	1	0	101099	179824	19	18
(7, 6, 3)	2	0	179853	140852	36	36
(6, 8, 3)	1	0	100386	53014	21	20
(8, 6, 3)	2	0	17683	30151	8	8
(6, 9, 3)	1	0	111893	109819	20	19
(9, 6, 3)	2	0	177781	178618	69	69
(6, 10, 3)	2	0	90616	52391	14	14
(10, 6, 3)	2	0	151911	146240	40	40
(6, 11, 3)	1	0	98202	100326	16	15
(11, 6, 3)	2	0	163121	153887	45	45
(6, 12, 3)	1	0	39335	54297	10	9
(12, 6, 3)	2	0	154576	149024	36	36
(6, 13, 3)	1	0	121932	33792	15	14
(13, 6, 3)	2	0	16668	88211	17	17
(6, 14, 3)	2	0	128853	12755	26	26
(14, 6, 3)	2	0	1327	12340	6	6
(6, 15, 3)	1	0	22154	9389	10	9
(15, 6, 3)	2	0	67022	106021	30	30
(7, 8, 3)	1	0	129557	59346	20	19
(8, 7, 3)	2	0	47627	15384	9	9
(7, 9, 3)	2	0	179798	133258	28	28
(9, 7, 3)	2	0	87695	110537	13	13
(7, 10, 3)	1	0	60883	54272	18	17
(10, 7, 3)	1	0	33622	87926	13	12
(7, 11, 3)	1	0	40431	85550	14	13
(11, 7, 3)	2	0	175444	71367	35	35
(7, 12, 3)	1	0	9130	54348	7	6
(12, 7, 3)	2	0	68592	77330	11	11
(7, 13, 3)	1	0	8684	25470	10	9
(13, 7, 3)	2	0	3192	6755	10	10
(7, 14, 3)	2	0	179981	12017	27	27
(14, 7, 3)	2	0	1282	1468	6	6
(7, 15, 3)	1	0	8095	23324	9	8
(15, 7, 3)	2	0	83920	61783	28	28
(8, 9, 3)	2	0	83875	97160	16	16
(9, 8, 3)	1	0	28468	11698	6	5
(8, 10, 3)	1	0	72643	76347	17	16
(10, 8, 3)	1	0	24310	17284	8	7
(8, 11, 3)	1	0	16556	71710	14	13
(11, 8, 3)	1	0	43997	22880	8	7
(8, 12, 3)	1	0	17264	64650	9	8
(12, 8, 3)	1	0	50720	38715	12	11
(8, 13, 3)	1	0	11928	22895	19	18
(13, 8, 3)	1	0	2620	16334	11	10
(8, 14, 3)	1	0	58063	4167	15	14
(14, 8, 3)	2	0	1410	6471	7	7
(8, 15, 3)	1	0	12039	9779	10	9
(15, 8, 3)	1	0	9268	11703	8	7
(9, 10, 3)	1	0	120603	103016	27	26
(10, 9, 3)	1	0	33409	73416	17	16
(9, 11, 3)	1	0	64480	72953	14	13
(11, 9, 3)	1	0	164643	110309	23	22
(9, 12, 3)	1	0	37419	56176	8	7
(12, 9, 3)	2	0	90797	71004	15	15
(9, 13, 3)	1	0	56237	22189	14	13
(13, 9, 3)	2	0	2308	40792	10	10
(9, 14, 3)	1	0	75395	5199	16	15
(14, 9, 3)	2	0	1739	9364	7	7
(9, 15, 3)	1	0	32135	9778	8	7
(15, 9, 3)	2	0	73567	77842	26	26
(10, 11, 3)	1	0	14568	57663	17	16
(11, 10, 3)	2	0	98837	41371	24	24
(10, 12, 3)	1	0	15202	54284	9	8
(12, 10, 3)	2	0	164461	161795	41	41
(10, 13, 3)	1	0	13633	24913	13	12
(13, 10, 3)	2	0	13151	61080	32	32
(10, 14, 3)	1	0	83432	9210	23	22
(14, 10, 3)	2	0	1304	447	7	7
(10, 15, 3)	1	0	13335	9557	9	8
(15, 10, 3)	2	0	64154	64668	27	27
(11, 12, 3)	1	0	77740	39806	6	5
(12, 11, 3)	2	0	33192	45237	13	13
(11, 13, 3)	1	0	43919	21223	8	7
(13, 11, 3)	2	0	10518	41481	10	10
(11, 14, 3)	1	0	101358	6871	18	17
(14, 11, 3)	2	0	1281	16626	6	6
(11, 15, 3)	1	0	54519	9467	8	7
(15, 11, 3)	1	0	12154	71404	22	21
(12, 13, 3)	1	0	43365	25097	10	9
(13, 12, 3)	2	0	7292	27678	8	8
(12, 14, 3)	1	0	80755	8981	19	18
(14, 12, 3)	2	0	1625	27280	6	6
(12, 15, 3)	1	0	14776	9484	8	7
(15, 12, 3)	1	0	15285	39868	6	5
(13, 14, 3)	1	0	28622	9051	16	15
(14, 13, 3)	2	0	4439	23692	13	13
(13, 15, 3)	2	0	3516	9625	15	15
(15, 13, 3)	1	0	9944	25499	13	12
(14, 15, 3)	2	0	1365	9255	7	7
(15, 14, 3)	1	0	60190	13032	22	21
(0, 1, 4)	1	0	51395	40017	23	22
(1, 0, 4)	2	0	9962	20487	11	11
(0, 2, 4)	2	0	22309	64317	20	20
(2, 0, 4)	1	0	69482	23047	13	12
(0, 3, 4)	1	0	44109	113917	18	17
(3, 0, 4)	2	0	123733	82568	27	27
(0, 4, 4)	1	0	18230	62809	18	17
(4, 0, 4)	1	0	135516	55612	25	24
(0, 5, 4)	2	0	25988	78610	19	19
(5, 0, 4)	1	0	47915	14707	19	18
(0, 6, 4)	2	0	178706	164097	42	42
(6, 0, 4)	1	0	169467	155858	58	57
(0, 7, 4)	1	0	68093	38474	21	20
(7, 0, 4)	2	0	14604	13881	11	11
(0, 8, 4)	1	0	65506	80267	27	26
(8, 0, 4)	2	0	68452	15528	21	21
(0, 9, 4)	1	0	62069	123412	20	19
(9, 0, 4)	2	0	65773	3356	12	12
(0, 10, 4)	2	0	46349	77716	21	21
(10, 0, 4)	2	0	83293	27071	17	17
(0, 11, 4)	2	0	40456	67074	18	18
(11, 0, 4)	2	0	91736	15444	15	15
(0, 12, 4)	1	0	30129	129145	21	20
(12, 0, 4)	2	0	130148	5961	17	17
(0, 13, 4)	1	0	19047	16854	15	14
(13, 0, 4)	2	0	19968	23964	18	18
(0, 14, 4)	1	0	20491	33992	17	16
(14, 0, 4)	2	0	19147	10115	12	12
(0, 15, 4)	1	0	11850	25522	14	13
(15, 0, 4)	1	0	38202	13878	15	14
(1, 2, 4)	2	0	15067	54369	19	19
(2, 1, 4)	2	0	102377	24975	29	29
(1, 3, 4)	2	0	20088	69748	15	15
(3, 1, 4)	1	0	89982	13382	11	10
(1, 4, 4)	1	0	49869	141416	36	35
(4, 1, 4)	1	0	141920	42090	24	23
(1, 5, 4)	2	0	10009	33386	11	11
(5, 1, 4)	1	0	96312	18991	17	16
(1, 6, 4)	1	0	9032	125236	16	15
(6, 1, 4)	2	0	117214	17210	19	19
(1, 7, 4)	1	0	6343	8372	12	11
(7, 1, 4)	2	0	114483	21757	27	27
(1, 8, 4)	1	0	11864	42647	18	17
(8, 1, 4)	2	0	147612	50677	33	33
(1, 9, 4)	1	0	26000	131974	29	28
(9, 1, 4)	2	0	162108	51267	38	38
(1, 10, 4)	2	0	12206	32128	16	16
(10, 1, 4)	2	0	128704	20290	30	30
(1, 11, 4)	1	0	9420	27701	21	20
(11, 1, 4)	2	0	106867	21962	28	28
(1, 12, 4)	1	0	15541	120149	18	17
(12, 1, 4)	2	0	102526	14191	18	18
(1, 13, 4)	1	0	15503	36636	17	16
(13, 1, 4)	2	0	7187	6967	12	12
(1, 14, 4)	1	0	5096	13818	11	10
(14, 1, 4)	2	0	19928	9696	14	14
(1, 15, 4)	1	0	12566	66436	21	20
(15, 1, 4)	2	0	36054	8411	15	15
(2, 3, 4)	2	0	104624	107433	26	26
(3, 2, 4)	2	0	124907	115269	34	34
(2, 4, 4)	2	0	37787	72332	12	12
(4, 2, 4)	1	0	120345	71177	20	19
(2, 5, 4)	2	0	88815	87621	19	19
(5, 2, 4)	1	0	73071	61123	18	17
(2, 6, 4)	1	0	64898	108923	15	14
(6, 2, 4)	1	0	159630	153342	44	43
(2, 7, 4)	1	0	22122	4426	11	10
(7, 2, 4)	2	0	22046	46585	19	19
(2, 8, 4)	1	0	111445	105508	28	27
(8, 2, 4)	2	0	83850	83116	24	24
(2, 9, 4)	1	0	118596	154176	37	36
(9, 2, 4)	2	0	152439	117427	39	39
(2, 10, 4)	1	0	71565	89536	22	21
(10, 2, 4)	2	0	153022	93702	33	33
(2, 11, 4)	2	0	72600	85035	22	22
(11, 2, 4)	2	0	80899	85606	29	29
(2, 12, 4)	1	0	45861	113426	17	16
(12, 2, 4)	2	0	153855	80900	28	28
(2, 13, 4)	1	0	24400	11068	13	12
(13, 2, 4)	2	0	10029	35721	12	12
(2, 14, 4)	1	0	35607	17667	12	11
(14, 2, 4)	2	0	18444	41898	10	10
(2, 15, 4)	1	0	29410	19047	12	11
(15, 2, 4)	2	0	86520	78044	27	27
(3, 4, 4)	1	0	102068	118626	22	21
(4, 3, 4)	1	0	98822	101948	17	16
(3, 5, 4)	1	0	149380	161805	49	48
(5, 3, 4)	1	0	69555	83462	13	12
(3, 6, 4)	1	0	94131	120395	16	15
(6, 3, 4)	2	0	107455	94666	17	17
(3, 7, 4)	1	0	93687	13230	12	11
(7, 3, 4)	1	0	15992	69393	10	9
(3, 8, 4)	1	0	67182	32320	11	10
(8, 3, 4)	1	0	59415	98328	22	21
(3, 9, 4)	1	0	106154	121880	25	24
(9, 3, 4)	2	0	54688	34679	12	12
(3, 10, 4)	1	0	120943	139566	36	35
(10, 3, 4)	2	0	74081	101351	19	19
(3, 11, 4)	1	0	100384	80770	22	21
(11, 3, 4)	2	0	57765	97301	22	22
(3, 12, 4)	1	0	55344	61278	12	11
(12, 3, 4)	2	0	66138	69764	9	9
(3, 13, 4)	1	0	98869	13753	21	20
(13, 3, 4)	2	0	9984	59586	12	12
(3, 14, 4)	1	0	66709	24978	9	8
(14, 3, 4)	2	0	24923	96474	16	16
(3, 15, 4)	1	0	91701	46825	14	13
(15, 3, 4)	2	0	47647	79238	16	16
(4, 5, 4)	2	0	171001	164386	57	57
(5, 4, 4)	1	0	52559	57231	15	14
(4, 6, 4)	1	0	122076	130588	17	16
(6, 4, 4)	2	0	158848	163479	43	43
(4, 7, 4)	1	0	132074	72369	27	26
(7, 4, 4)	2	0	114678	149803	29	29
(4, 8, 4)	1	0	136432	123763	32	31
(8, 4, 4)	2	0	82855	125062	21	21
(4, 9, 4)	1	0	69118	82480	13	12
(9, 4, 4)	2	0	119967	116860	24	24
(4, 10, 4)	2	0	89086	62992	22	22
(10, 4, 4)	2	0	80684	97010	19	19
(4, 11, 4)	1	0	116655	135134	31	30
(11, 4, 4)	1	0	57658	75339	18	17
(4, 12, 4)	1	0	136390	147053	23	22
(12, 4, 4)	2	0	120768	83375	16	16
(4, 13, 4)	1	0	106192	33241	15	14
(13, 4, 4)	2	0	27807	96738	14	14
(4, 14, 4)	1	0	91576	26602	15	14
(14, 4, 4)	2	0	11359	49188	9	9
(4, 15, 4)	1	0	59276	42927	11	10
(15, 4, 4)	2	0	57370	97032	22	22
(5, 6, 4)	1	0	134145	159322	27	26
(6, 5, 4)	2	0	124527	54500	14	14
(5, 7, 4)	1	0	84456	13916	20	19
(7, 5, 4)	2	0	20369	64797	13	13
(5, 8, 4)	1	0	60405	28140	10	9
(8, 5, 4)	2	0	77734	94128	19	19
(5, 9, 4)	1	0	86469	107255	20	19
(9, 5, 4)	2	0	103232	93327	18	18
(5, 10, 4)	1	0	84413	62480	17	16
(10, 5, 4)	2	0	54167	42456	17	17
(5, 11, 4)	1	0	61834	63558	19	18
(11, 5, 4)	2	0	55642	82698	20	20
(5, 12, 4)	1	0	91913	123951	17	16
(12, 5, 4)	2	0	123630	51751	16	16
(5, 13, 4)	1	0	109834	39054	18	17
(13, 5, 4)	2	0	5568	33589	13	13
(5, 14, 4)	1	0	58550	14859	10	9
(14, 5, 4)	2	0	27476	53330	13	13
(5, 15, 4)	1	0	72526	49004	20	19
(15, 5, 4)	2	0	44846	45074	14	14
(6, 7, 4)	1	0	146439	179815	26	25
(7, 6, 4)	2	0	179817	165123	36	36
(6, 8, 4)	1	0	151348	136615	34	33
(8, 6, 4)	1	0	161502	169757	41	40
(6, 9, 4)	1	0	175447	175347	51	50
(9, 6, 4)	2	0	165596	168631	43	43
(6, 10, 4)	1	0	109191	109386	24	23
(10, 6, 4)	1	0	145662	135833	30	29
(6, 11, 4)	1	0	145932	171819	44	43
(11, 6, 4)	2	0	123322	165875	53	53
(6, 12, 4)	1	0	148227	156402	30	29
(12, 6, 4)	2	0	169756	162048	43	43
(6, 13, 4)	1	0	61892	16434	13	12
(13, 6, 4)	2	0	24588	100655	17	17
(6, 14, 4)	1	0	66330	15720	13	12
(14, 6, 4)	2	0	41153	106827	20	20
(6, 15, 4)	2	0	94825	24701	15	15
(15, 6, 4)	2	0	100593	128358	29	29
(7, 8, 4)	1	0	32430	58577	19	18
(8, 7, 4)	1	0	156099	138820	44	43
(7, 9, 4)	2	0	36236	62302	16	16
(9, 7, 4)	1	0	153605	179797	38	37
(7, 10, 4)	1	0	24551	40551	12	11
(10, 7, 4)	1	0	35491	2941	11	10
(7, 11, 4)	1	0	10418	48682	13	12
(11, 7, 4)	2	0	27388	7234	12	12
(7, 12, 4)	1	0	10938	71884	10	9
(12, 7, 4)	2	0	118489	12891	22	22
(7, 13, 4)	1	0	13127	19512	13	12
(13, 7, 4)	2	0	23750	67337	24	24
(7, 14, 4)	1	0	171193	40576	35	34
(14, 7, 4)	2	0	21799	9920	21	21
(7, 15, 4)	2	0	12344	17946	15	15
(15, 7, 4)	2	0	58601	37953	18	18
(8, 9, 4)	2	0	89156	126433	25	25
(9, 8, 4)	1	0	78346	53436	16	15
(8, 10, 4)	1	0	60184	90206	23	22
(10, 8, 4)	2	0	57248	44088	23	23
(8, 11, 4)	1	0	62755	65961	22	21
(11, 8, 4)	2	0	94979	83944	29	29
(8, 12, 4)	1	0	104476	140101	23	22
(12, 8, 4)	2	0	135463	58243	23	23
(8, 13, 4)	1	0	16820	9500	13	12
(13, 8, 4)	2	0	5957	11662	13	13
(8, 14, 4)	1	0	42568	16511	13	12
(14, 8, 4)	2	0	32443	58620	26	26
(8, 15, 4)	1	0	115358	113642	38	37
(15, 8, 4)	2	0	60596	44379	28	28
(9, 10, 4)	1	0	163133	168343	41	40
(10, 9, 4)	2	0	133322	111545	30	30
(9, 11, 4)	1	0	49634	58811	13	12
(11, 9, 4)	2	0	52575	40022	13	13
(9, 12, 4)	1	0	114303	147334	26	25
(12, 9, 4)	2	0	156899	134534	35	35
(9, 13, 4)	1	0	54697	5653	10	9
(13, 9, 4)	2	0	9898	54159	12	12
(9, 14, 4)	1	0	124645	43954	22	21
(14, 9, 4)	2	0	36618	114220	22	22
(9, 15, 4)	2	0	92930	23804	18	18
(15, 9, 4)	2	0	54477	93070	19	19
(10, 11, 4)	1	0	39337	38073	15	14
(11, 10, 4)	2	0	131112	175786	71	71
(10, 12, 4)	1	0	171703	170674	47	46
(12, 10, 4)	2	0	154222	113762	31	31
(10, 13, 4)	1	0	37525	9171	13	12
(13, 10, 4)	2	0	10486	55335	22	22
(10, 14, 4)	1	0	26193	12661	14	13
(14, 10, 4)	2	0	18426	26357	16	16
(10, 15, 4)	1	4	171606	183030	60	59
(15, 10, 4)	2	0	71149	91703	28	28
(11, 12, 4)	1	0	76780	139739	25	24
(12, 11, 4)	2	0	129806	73712	23	23
(11, 13, 4)	2	0	31879	23914	20	20
(13, 11, 4)	1	0	20135	107159	22	21
(11, 14, 4)	2	0	112254	25408	24	24
(14, 11, 4)	2	0	17296	42001	10	10
(11, 15, 4)	2	0	30469	20022	15	15
(15, 11, 4)	2	0	72602	70375	22	22
(12, 13, 4)	1	0	51341	7822	13	12
(13, 12, 4)	2	0	33537	93851	19	19
(12, 14, 4)	2	0	99192	23710	13	13
(14, 12, 4)	2	0	24947	68250	15	15
(12, 15, 4)	1	0	68845	40092	12	11
(15, 12, 4)	2	0	109175	119598	31	31
(13, 14, 4)	1	0	51079	30198	24	23
(14, 13, 4)	1	0	28322	36567	26	25
(13, 15, 4)	2	0	12085	26805	19	19
(15, 13, 4)	1	0	34865	13082	14	13
(14, 15, 4)	2	0	20314	28332	24	24
(15, 14, 4)	2	0	98345	43315	24	24
(0, 1, 5)	1	0	27517	32831	23	22
(1, 0, 5)	2	0	30683	35105	22	22
(0, 2, 5)	1	0	8033	31999	11	10
(2, 0, 5)	2	0	100453	90464	34	34
(0, 3, 5)	1	0	49356	101912	23	22
(3, 0, 5)	2	0	116583	46215	21	21
(0, 4, 5)	1	0	8957	56337	14	13
(4, 0, 5)	2	0	60105	3077	16	16
(0, 5, 5)	2	0	13551	44011	19	19
(5, 0, 5)	1	0	58206	6079	20	19
(0, 6, 5)	1	0	16712	127165	15	14
(6, 0, 5)	2	0	159158	48553	28	28
(0, 7, 5)	1	0	11118	12829	17	16
(7, 0, 5)	2	0	5055	3110	7	7
(0, 8, 5)	1	0	18815	37498	16	15
(8, 0, 5)	2	0	17147	5937	9	9
(0, 9, 5)	2	0	6912	50588	11	11
(9, 0, 5)	2	0	65160	2907	15	15
(0, 10, 5)	1	0	10511	28679	12	11
(10, 0, 5)	2	0	63333	18829	12	12
(0, 11, 5)	2	0	9313	17723	9	9
(11, 0, 5)	2	0	39977	3136	11	11
(0, 12, 5)	1	0	21125	133232	21	20
(12, 0, 5)	2	0	123722	19406	16	16
(0, 13, 5)	1	0	6830	17197	14	13
(13, 0, 5)	2	0	8501	2533	6	6
(0, 14, 5)	1	0	9998	13009	12	11
(14, 0, 5)	2	0	36678	30945	16	16
(0, 15, 5)	1	0	9799	24870	13	12
(15, 0, 5)	2	0	26691	17412	9	9
(1, 2, 5)	2	0	6833	23397	13	13
(2, 1, 5)	1	0	32805	10514	13	12
(1, 3, 5)	1	0	22113	115726	22	21
(3, 1, 5)	1	0	46824	9630	11	10
(1, 4, 5)	2	0	11173	73722	12	12
(4, 1, 5)	1	0	82914	8829	10	9
(1, 5, 5)	2	0	10826	53394	9	9
(5, 1, 5)	1	0	48827	10743	12	11
(1, 6, 5)	1	0	7598	80957	14	13
(6, 1, 5)	2	0	150379	18476	21	21
(1, 7, 5)	1	0	11741	52653	22	21
(7, 1, 5)	2	0	5120	3550	7	7
(1, 8, 5)	1	0	6390	22418	12	11
(8, 1, 5)	1	0	100354	48255	39	38
(1, 9, 5)	1	0	29881	140457	29	28
(9, 1, 5)	2	0	158424	40328	37	37
(1, 10, 5)	1	0	4840	28679	12	11
(10, 1, 5)	2	0	49158	8234	18	18
(1, 11, 5)	1	0	7335	86164	20	19
(11, 1, 5)	2	0	56033	9578	20	20
(1, 12, 5)	1	0	8119	94911	15	14
(12, 1, 5)	2	0	112365	14048	15	15
(1, 13, 5)	1	0	2779	7147	9	8
(13, 1, 5)	2	0	8305	2416	9	9
(1, 14, 5)	1	0	3734	11167	12	11
(14, 1, 5)	2	0	41414	10225	16	16
(1, 15, 5)	1	0	6109	29255	16	15
(15, 1, 5)	2	0	66065	11027	18	18
(2, 3, 5)	1	0	98695	116860	29	28
(3, 2, 5)	1	0	103298	105963	29	28
(2, 4, 5)	1	0	36914	56041	14	13
(4, 2, 5)	1	0	173728	143097	57	56
(2, 5, 5)	2	0	39527	58407	14	14
(5, 2, 5)	1	0	50354	49392	15	14
(2, 6, 5)	2	0	159396	171292	44	44
(6, 2, 5)	1	0	163526	154099	48	47
(2, 7, 5)	2	0	39801	6257	12	12
(7, 2, 5)	2	0	5125	15693	7	7
(2, 8, 5)	2	0	122037	127876	37	37
(8, 2, 5)	2	0	17064	16189	9	9
(2, 9, 5)	2	0	124724	130724	36	36
(9, 2, 5)	2	0	93504	38255	12	12
(2, 10, 5)	1	0	103284	140599	33	32
(10, 2, 5)	2	0	62700	54521	16	16
(2, 11, 5)	1	0	73829	118628	30	29
(11, 2, 5)	2	0	45777	58885	24	24
(2, 12, 5)	1	0	26892	60879	12	11
(12, 2, 5)	2	0	90622	37733	11	11
(2, 13, 5)	1	0	18500	15239	16	15
(13, 2, 5)	2	0	9377	13111	9	9
(2, 14, 5)	1	0	39045	11522	12	11
(14, 2, 5)	2	0	26704	37733	11	11
(2, 15, 5)	1	0	17643	23842	11	10
(15, 2, 5)	2	0	26477	32887	10	10
(3, 4, 5)	2	0	153923	166868	45	45
(4, 3, 5)	2	0	130135	92017	27	27
(3, 5, 5)	2	0	75503	54450	19	19
(5, 3, 5)	1	0	136240	127305	31	30
(3, 6, 5)	2	0	141914	171332	35	35
(6, 3, 5)	2	0	157558	113920	25	25
(3, 7, 5)	1	0	44982	5110	10	9
(7, 3, 5)	2	0	4857	28538	7	7
(3, 8, 5)	1	0	65956	22494	12	11
(8, 3, 5)	2	0	17000	46859	9	9
(3, 9, 5)	1	0	117107	135641	32	31
(9, 3, 5)	2	0	70171	51331	13	13
(3, 10, 5)	1	0	62506	28636	12	11
(10, 3, 5)	1	0	165604	162646	50	49
(3, 11, 5)	1	0	101977	90514	25	24
(11, 3, 5)	2	0	55892	46005	13	13
(3, 12, 5)	1	0	101869	123414	21	20
(12, 3, 5)	2	0	104739	85084	13	13
(3, 13, 5)	1	0	25625	9589	9	8
(13, 3, 5)	2	0	8400	34232	9	9
(3, 14, 5)	1	0	53497	10802	11	10
(14, 3, 5)	2	0	28827	88298	12	12
(3, 15, 5)	1	0	57650	29709	17	16
(15, 3, 5)	2	4	6512	17607	1	1
(4, 5, 5)	2	0	69871	32065	17	17
(5, 4, 5)	1	0	29309	43769	14	13
(4, 6, 5)	2	0	156535	153030	42	42
(6, 4, 5)	2	0	126305	136915	21	21
(4, 7, 5)	1	0	67959	5039	10	9
(7, 4, 5)	2	0	42034	102900	18	18
(4, 8, 5)	1	0	79619	22258	12	11
(8, 4, 5)	2	0	157696	151625	36	36
(4, 9, 5)	1	0	75076	66697	12	11
(9, 4, 5)	1	0	81396	81807	17	16
(4, 10, 5)	1	0	78191	28664	12	11
(10, 4, 5)	2	4	18097	27917	2	2
(4, 11, 5)	1	0	123730	87246	24	23
(11, 4, 5)	2	0	83464	99227	17	17
(4, 12, 5)	1	0	67357	66882	9	8
(12, 4, 5)	2	0	106381	80012	14	14
(4, 13, 5)	1	0	69292	8354	9	8
(13, 4, 5)	2	0	3198	49539	8	8
(4, 14, 5)	1	0	80094	7077	10	9
(14, 4, 5)	2	0	31365	112713	20	20
(4, 15, 5)	1	0	103113	29493	16	15
(15, 4, 5)	2	0	40939	77444	14	14
(5, 6, 5)	1	0	90827	144581	20	19
(6, 5, 5)	2	0	105334	68907	16	16
(5, 7, 5)	1	0	74032	137875	22	21
(7, 5, 5)	2	0	5208	24021	10	10
(5, 8, 5)	1	0	94778	61023	18	17
(8, 5, 5)	2	0	17078	10392	9	9
(5, 9, 5)	1	0	53054	80434	19	18
(9, 5, 5)	2	0	43036	28823	10	10
(5, 10, 5)	1	0	68604	86007	23	22
(10, 5, 5)	2	0	68360	56642	14	14
(5, 11, 5)	1	0	57893	84135	23	22
(11, 5, 5)	2	0	51813	30247	11	11
(5, 12, 5)	1	0	45496	61942	10	9
(12, 5, 5)	2	0	111098	52036	16	16
(5, 13, 5)	1	0	45874	15160	15	14
(13, 5, 5)	2	0	9168	9647	9	9
(5, 14, 5)	1	0	42336	19445	11	10
(14, 5, 5)	2	0	34260	36517	15	15
(5, 15, 5)	1	0	60098	41068	19	18
(15, 5, 5)	2	0	26893	23792	9	9
(6, 7, 5)	1	0	165737	154278	31	30
(7, 6, 5)	2	0	82377	164155	38	38
(6, 8, 5)	2	0	132699	37459	21	21
(8, 6, 5)	1	0	47909	105838	20	19
(6, 9, 5)	1	0	167915	170847	43	42
(9, 6, 5)	1	0	113716	105284	20	19
(6, 10, 5)	1	0	172248	166571	35	34
(10, 6, 5)	2	0	123091	126943	32	32
(6, 11, 5)	1	0	134338	90960	32	31
(11, 6, 5)	2	0	150776	150015	32	32
(6, 12, 5)	1	0	137161	155100	33	32
(12, 6, 5)	2	0	154176	154812	29	29
(6, 13, 5)	1	0	130658	109569	29	28
(13, 6, 5)	2	0	6196	13618	8	8
(6, 14, 5)	2	0	116451	37498	18	18
(14, 6, 5)	2	0	34761	109935	18	18
(6, 15, 5)	1	0	128588	75867	24	23
(15, 6, 5)	2	4	6509	17355	1	1
(7, 8, 5)	2	0	5130	11671	11	11
(8, 7, 5)	2	0	17077	2277	9	9
(7, 9, 5)	2	0	4909	26226	7	7
(9, 7, 5)	1	0	126114	45513	24	23
(7, 10, 5)	2	0	5001	19751	9	9
(10, 7, 5)	1	0	40845	8605	13	12
(7, 11, 5)	1	0	6158	43528	14	13
(11, 7, 5)	1	0	165547	179798	45	44
(7, 12, 5)	1	0	13490	92989	12	11
(12, 7, 5)	2	0	128727	12666	24	24
(7, 13, 5)	2	0	34339	29591	24	24
(13, 7, 5)	2	0	10210	4235	14	14
(7, 14, 5)	1	0	112963	23875	25	24
(14, 7, 5)	2	0	18243	9315	12	12
(7, 15, 5)	1	0	16370	66868	19	18
(15, 7, 5)	2	0	55370	39376	13	13
(8, 9, 5)	2	0	17003	37171	9	9
(9, 8, 5)	1	0	128316	90335	26	25
(8, 10, 5)	2	0	17046	19118	11	11
(10, 8, 5)	2	0	56779	38579	19	19
(8, 11, 5)	2	0	73868	71288	23	23
(11, 8, 5)	1	0	23120	16891	13	12
(8, 12, 5)	1	0	53464	99747	15	14
(12, 8, 5)	2	0	90085	35120	11	11
(8, 13, 5)	1	0	73541	51434	20	19
(13, 8, 5)	2	0	7256	6653	11	11
(8, 14, 5)	1	0	79496	28574	22	21
(14, 8, 5)	2	0	23182	27370	11	11
(8, 15, 5)	1	0	37488	29119	22	21
(15, 8, 5)	2	4	6723	6458	1	1
(9, 10, 5)	1	0	84442	47692	15	14
(10, 9, 5)	2	4	18014	22160	2	2
(9, 11, 5)	1	0	126736	84800	26	25
(11, 9, 5)	2	0	76447	48467	12	12
(9, 12, 5)	1	0	48808	54631	8	7
(12, 9, 5)	2	0	159695	126018	31	31
(9, 13, 5)	1	0	36555	8504	11	10
(13, 9, 5)	2	0	3105	23807	8	8
(9, 14, 5)	1	0	48978	11144	11	10
(14, 9, 5)	2	0	23759	82422	16	16
(9, 15, 5)	1	0	82223	29029	16	15
(15, 9, 5)	2	4	6507	4845	1	1
(10, 11, 5)	1	0	36328	54036	22	21
(11, 10, 5)	2	0	38697	16710	12	12
(10, 12, 5)	1	0	168036	171631	54	53
(12, 10, 5)	2	0	88501	40920	13	13
(10, 13, 5)	1	0	41207	13292	12	11
(13, 10, 5)	2	0	5139	9413	12	12
(10, 14, 5)	2	0	71390	26211	22	22
(14, 10, 5)	2	0	60241	105590	25	25
(10, 15, 5)	1	0	23485	16953	10	9
(15, 10, 5)	2	0	76276	95938	25	25
(11, 12, 5)	1	0	56833	57321	12	11
(12, 11, 5)	2	0	88635	60477	13	13
(11, 13, 5)	1	0	37246	14551	17	16
(13, 11, 5)	1	0	5673	34333	12	11
(11, 14, 5)	1	0	56803	16138	14	13
(14, 11, 5)	2	0	48076	65425	19	19
(11, 15, 5)	2	0	52363	14777	15	15
(15, 11, 5)	2	4	6677	1177	1	1
(12, 13, 5)	1	0	83195	18470	16	15
(13, 12, 5)	2	0	5359	85673	15	15
(12, 14, 5)	2	0	56384	13246	8	8
(14, 12, 5)	2	0	36379	69057	13	13
(12, 15, 5)	2	0	57229	14965	9	9
(15, 12, 5)	2	0	66758	85490	15	15
(13, 14, 5)	2	0	6169	8793	8	8
(14, 13, 5)	1	0	23887	16413	15	14
(13, 15, 5)	1	0	5590	17052	14	13
(15, 13, 5)	2	0	58322	15357	18	18
(14, 15, 5)	1	0	32486	56226	19	18
(15, 14, 5)	2	0	26412	15557	10	10
(0, 1, 6)	1	0	16027	14331	14	13
(1, 0, 6)	1	0	14333	25625	16	15
(0, 2, 6)	1	0	39082	92570	24	23
(2, 0, 6)	1	0	36339	18953	13	12
(0, 3, 6)	1	0	17455	59582	11	10
(3, 0, 6)	1	0	85487	58294	17	16
(0, 4, 6)	2	0	117816	140129	29	29
(4, 0, 6)	2	0	118364	62683	25	25
(0, 5, 6)	2	0	47229	108342	16	16
(5, 0, 6)	1	0	159195	171617	39	38
(0, 6, 6)	1	0	26001	108918	16	15
(6, 0, 6)	2	0	105158	18344	13	13
(0, 7, 6)	1	0	9509	11731	14	13
(7, 0, 6)	2	0	71595	28603	29	29
(0, 8, 6)	1	0	68044	159055	41	40
(8, 0, 6)	2	0	58563	79771	19	19
(0, 9, 6)	1	0	13930	113631	20	19
(9, 0, 6)	2	0	94662	18820	16	16
(0, 10, 6)	1	0	33187	125897	25	24
(10, 0, 6)	2	0	72772	36555	16	16
(0, 11, 6)	2	0	14915	14691	10	10
(11, 0, 6)	2	0	80223	15554	20	20
(0, 12, 6)	1	0	23639	93615	13	12
(12, 0, 6)	2	0	112269	14355	14	14
(0, 13, 6)	2	0	30455	40785	17	17
(13, 0, 6)	2	0	12777	15644	10	10
(0, 14, 6)	2	0	84104	34810	24	24
(14, 0, 6)	2	0	15807	21965	14	14
(0, 15, 6)	1	0	11226	31605	10	9
(15, 0, 6)	2	0	71366	56426	17	17
(1, 2, 6)	2	0	40920	85173	18	18
(2, 1, 6)	2	0	82603	21255	22	22
(1, 3, 6)	2	0	22122	80074	15	15
(3, 1, 6)	1	0	87526	18314	23	22
(1, 4, 6)	2	0	80267	173646	51	51
(4, 1, 6)	1	0	134280	64147	27	26
(1, 5, 6)	2	0	18755	70661	13	13
(5, 1, 6)	1	0	169019	182024	78	77
(1, 6, 6)	1	0	22246	150030	26	25
(6, 1, 6)	2	0	178774	155443	67	67
(1, 7, 6)	1	0	31490	179810	27	26
(7, 1, 6)	2	0	179826	29636	27	27
(1, 8, 6)	1	0	12436	58020	16	15
(8, 1, 6)	2	0	121014	51235	31	31
(1, 9, 6)	1	0	35511	159137	35	34
(9, 1, 6)	1	0	139101	80021	34	33
(1, 10, 6)	1	0	13393	62470	17	16
(10, 1, 6)	2	0	73135	11420	16	16
(1, 11, 6)	1	0	14503	48703	22	21
(11, 1, 6)	2	0	100927	27483	34	34
(1, 12, 6)	1	0	27177	169349	46	45
(12, 1, 6)	2	0	127915	18552	21	21
(1, 13, 6)	1	0	24012	31802	29	28
(13, 1, 6)	2	0	9160	5615	8	8
(1, 14, 6)	1	0	15902	33735	20	19
(14, 1, 6)	1	0	22563	20644	20	19
(1, 15, 6)	1	0	7873	27797	14	13
(15, 1, 6)	2	0	47956	7704	18	18
(2, 3, 6)	2	0	129742	133983	40	40
(3, 2, 6)	2	0	65205	34748	9	9
(2, 4, 6)	1	0	34018	56322	16	15
(4, 2, 6)	2	0	105518	70479	23	23
(2, 5, 6)	2	0	153055	151541	64	64
(5, 2, 6)	1	0	38933	34891	10	9
(2, 6, 6)	1	0	21711	46651	10	9
(6, 2, 6)	2	0	66567	38937	13	13
(2, 7, 6)	1	0	66024	31834	24	23
(7, 2, 6)	2	0	25596	77488	20	20
(2, 8, 6)	2	0	105615	128691	45	45
(8, 2, 6)	1	0	67688	77935	25	24
(2, 9, 6)	1	0	68862	117911	20	19
(9, 2, 6)	2	0	83701	36515	12	12
(2, 10, 6)	1	0	85292	84454	27	26
(10, 2, 6)	2	0	84073	61303	23	23
(2, 11, 6)	1	0	22127	15634	11	10
(11, 2, 6)	2	0	119970	76585	37	37
(2, 12, 6)	1	0	52889	80310	15	14
(12, 2, 6)	2	0	100358	44022	13	13
(2, 13, 6)	1	0	141853	112272	52	51
(13, 2, 6)	2	0	7535	21991	10	10
(2, 14, 6)	1	0	66263	22778	18	17
(14, 2, 6)	2	0	28408	67389	17	17
(2, 15, 6)	1	0	39377	34865	12	11
(15, 2, 6)	2	0	55612	60259	20	20
(3, 4, 6)	1	0	102147	102461	22	21
(4, 3, 6)	2	0	111816	94107	26	26
(3, 5, 6)	2	0	112788	87118	26	26
(5, 3, 6)	1	0	55911	67236	13	12
(3, 6, 6)	1	0	156239	175502	45	44
(6, 3, 6)	2	0	59119	52352	11	11
(3, 7, 6)	1	0	104040	39753	19	18
(7, 3, 6)	2	0	142728	114927	29	29
(3, 8, 6)	1	0	104729	83831	22	21
(8, 3, 6)	1	0	26159	72730	12	11
(3, 9, 6)	2	0	123393	139640	29	29
(9, 3, 6)	2	0	102687	85596	18	18
(3, 10, 6)	1	0	117127	156161	32	31
(10, 3, 6)	2	0	136061	111225	22	22
(3, 11, 6)	1	0	70894	90040	16	15
(11, 3, 6)	2	0	122471	65333	26	26
(3, 12, 6)	1	0	105021	117802	20	19
(12, 3, 6)	2	0	139126	74013	20	20
(3, 13, 6)	1	0	76135	19104	14	13
(13, 3, 6)	2	0	6903	35144	11	11
(3, 14, 6)	1	0	60459	22877	13	12
(14, 3, 6)	2	0	15426	76567	16	16
(3, 15, 6)	1	0	73467	38486	16	15
(15, 3, 6)	2	0	74196	87392	18	18
(4, 5, 6)	2	0	119362	117926	24	24
(5, 4, 6)	1	0	45716	59896	15	14
(4, 6, 6)	1	0	100167	72794	12	11
(6, 4, 6)	2	0	130821	118955	18	18
(4, 7, 6)	1	0	120378	17600	19	18
(7, 4, 6)	2	0	99795	123084	22	22
(4, 8, 6)	1	0	95112	52872	16	15
(8, 4, 6)	2	0	47937	91590	16	16
(4, 9, 6)	1	0	130858	117548	20	19
(9, 4, 6)	2	0	145663	129614	26	26
(4, 10, 6)	1	0	123869	104107	22	21
(10, 4, 6)	2	0	132375	138712	29	29
(4, 11, 6)	1	0	93965	107795	14	13
(11, 4, 6)	1	0	19592	43381	12	11
(4, 12, 6)	1	0	111172	130990	22	21
(12, 4, 6)	2	0	137870	130191	22	22
(4, 13, 6)	1	0	114176	54013	18	17
(13, 4, 6)	2	0	26441	105458	16	16
(4, 14, 6)	1	0	58095	6572	9	8
(14, 4, 6)	2	0	21609	83622	12	12
(4, 15, 6)	1	0	117645	79656	25	24
(15, 4, 6)	2	0	67946	112861	18	18
(5, 6, 6)	1	0	33994	46423	10	9
(6, 5, 6)	2	0	108942	60732	13	13
(5, 7, 6)	1	0	89380	29694	21	20
(7, 5, 6)	2	0	22167	65426	17	17
(5, 8, 6)	1	0	99324	74073	22	21
(8, 5, 6)	2	0	39598	66295	16	16
(5, 9, 6)	1	0	50463	98712	21	20
(9, 5, 6)	2	0	129635	90659	22	22
(5, 10, 6)	1	0	87651	67992	20	19
(10, 5, 6)	2	0	61326	37345	11	11
(5, 11, 6)	1	0	54134	60583	25	24
(11, 5, 6)	2	0	25876	40717	11	11
(5, 12, 6)	1	0	88547	127421	19	18
(12, 5, 6)	2	0	89885	70647	11	11
(5, 13, 6)	1	0	127939	70444	23	22
(13, 5, 6)	2	0	8615	34361	13	13
(5, 14, 6)	1	0	85257	32764	19	18
(14, 5, 6)	2	0	16760	48437	13	13
(5, 15, 6)	1	0	37304	31737	13	12
(15, 5, 6)	2	0	78494	98017	20	20
(6, 7, 6)	1	0	162161	179830	39	38
(7, 6, 6)	1	0	4540	44667	8	7
(6, 8, 6)	1	0	106524	57945	13	12
(8, 6, 6)	1	0	96341	162234	30	29
(6, 9, 6)	2	0	172080	161959	39	39
(9, 6, 6)	2	0	177419	179184	62	62
(6, 10, 6)	1	0	141546	146085	34	33
(10, 6, 6)	2	0	174021	164227	40	40
(6, 11, 6)	1	0	156262	162834	37	36
(11, 6, 6)	1	0	33488	63144	11	10
(6, 12, 6)	1	0	158133	167207	43	42
(12, 6, 6)	1	0	32610	63224	11	10
(6, 13, 6)	1	0	177603	158114	69	68
(13, 6, 6)	2	0	28319	118311	19	19
(6, 14, 6)	1	0	157368	36667	32	31
(14, 6, 6)	2	0	77391	175443	48	48
(6, 15, 6)	1	0	132956	96181	32	31
(15, 6, 6)	1	0	29946	91295	13	12
(7, 8, 6)	1	0	58350	58776	21	20
(8, 7, 6)	1	0	25058	13633	14	13
(7, 9, 6)	2	0	48984	125309	28	28
(9, 7, 6)	1	0	122819	36753	24	23
(7, 10, 6)	2	0	8152	38552	12	12
(10, 7, 6)	2	0	61373	18951	15	15
(7, 11, 6)	1	0	5602	26030	14	13
(11, 7, 6)	1	0	52190	6300	13	12
(7, 12, 6)	1	0	98813	145174	25	24
(12, 7, 6)	2	0	101531	21384	12	12
(7, 13, 6)	2	0	80590	47694	37	37
(13, 7, 6)	1	0	8098	6094	7	6
(7, 14, 6)	1	0	6352	11215	12	11
(14, 7, 6)	2	0	14038	4571	14	14
(7, 15, 6)	1	0	53199	64269	23	22
(15, 7, 6)	2	0	33019	5897	12	12
(8, 9, 6)	1	0	47865	114351	18	17
(9, 8, 6)	1	0	84609	16370	13	12
(8, 10, 6)	1	0	118006	129185	35	34
(10, 8, 6)	1	0	40818	27500	14	13
(8, 11, 6)	1	0	135224	87057	34	33
(11, 8, 6)	2	0	106322	42537	16	16
(8, 12, 6)	1	0	73973	142348	25	24
(12, 8, 6)	2	0	101267	47037	13	13
(8, 13, 6)	1	0	22316	19104	17	16
(13, 8, 6)	2	0	38001	78780	21	21
(8, 14, 6)	1	0	100616	39997	33	32
(14, 8, 6)	2	0	43179	73451	21	21
(8, 15, 6)	1	0	94129	81058	25	24
(15, 8, 6)	1	0	33135	28124	16	15
(9, 10, 6)	1	0	105659	74532	20	19
(10, 9, 6)	2	0	146582	158029	50	50
(9, 11, 6)	1	0	108474	94919	29	28
(11, 9, 6)	2	0	167490	166815	66	66
(9, 12, 6)	2	0	83627	66458	20	20
(12, 9, 6)	2	0	107658	63925	13	13
(9, 13, 6)	1	0	141574	86586	36	35
(13, 9, 6)	2	0	6311	27820	10	10
(9, 14, 6)	1	0	45910	25966	12	11
(14, 9, 6)	2	0	41885	130789	29	29
(9, 15, 6)	1	0	64734	49293	15	14
(15, 9, 6)	2	0	88578	113034	23	23
(10, 11, 6)	2	0	94896	63525	19	19
(11, 10, 6)	2	0	61937	19995	13	13
(10, 12, 6)	2	0	175487	174649	61	61
(12, 10, 6)	2	0	170460	172062	46	46
(10, 13, 6)	1	0	36777	13142	10	9
(13, 10, 6)	2	0	7244	41593	12	12
(10, 14, 6)	1	0	168927	54346	48	47
(14, 10, 6)	2	0	9871	36523	8	8
(10, 15, 6)	1	0	52799	36488	19	18
(15, 10, 6)	2	0	116938	147644	35	35
(11, 12, 6)	1	0	110042	84873	18	17
(12, 11, 6)	2	0	132479	75326	22	22
(11, 13, 6)	1	0	40002	18341	19	18
(13, 11, 6)	2	0	16125	47096	15	15
(11, 14, 6)	1	0	88926	17239	17	16
(14, 11, 6)	2	0	14592	78140	14	14
(11, 15, 6)	2	0	40657	19702	13	13
(15, 11, 6)	2	0	63685	112332	20	20
(12, 13, 6)	2	0	130958	35224	22	22
(13, 12, 6)	1	0	9535	60580	10	9
(12, 14, 6)	2	0	91271	20534	11	11
(14, 12, 6)	1	0	23399	150520	26	25
(12, 15, 6)	2	0	67107	35986	17	17
(15, 12, 6)	1	0	61862	85922	19	18
(13, 14, 6)	1	0	130276	95477	43	42
(14, 13, 6)	1	0	49811	73161	38	37
(13, 15, 6)	1	0	7681	45759	17	16
(15, 13, 6)	1	0	22689	13144	16	15
(14, 15, 6)	2	0	11046	29244	10	10
(15, 14, 6)	2	0	71987	14540	20	20
(0, 1, 7)	1	0	13996	9260	9	8
(1, 0, 7)	2	0	16446	43434	17	17
(0, 2, 7)	1	0	137995	124001	37	36
(2, 0, 7)	1	0	98801	104713	22	21
(0, 3, 7)	1	0	37149	94466	15	14
(3, 0, 7)	2	0	74954	15085	12	12
(0, 4, 7)	1	0	39031	77814	18	17
(4, 0, 7)	2	0	52473	10188	15	15
(0, 5, 7)	2	0	21286	67974	16	16
(5, 0, 7)	2	0	111057	37297	28	28
(0, 6, 7)	2	0	179926	175489	58	58
(6, 0, 7)	2	0	169834	85497	45	45
(0, 7, 7)	1	0	17437	29155	22	21
(7, 0, 7)	2	0	10003	11789	17	17
(0, 8, 7)	2	0	179934	173421	56	56
(8, 0, 7)	2	0	32703	19922	15	15
(0, 9, 7)	1	0	26622	92886	18	17
(9, 0, 7)	2	0	53006	3715	10	10
(0, 10, 7)	2	4	20333	78516	13	13
(10, 0, 7)	2	0	48825	28525	12	12
(0, 11, 7)	1	0	9733	17634	12	11
(11, 0, 7)	2	0	55315	15069	18	18
(0, 12, 7)	1	0	11526	108090	16	15
(12, 0, 7)	2	0	85231	17418	11	11
(0, 13, 7)	1	0	11589	11232	10	9
(13, 0, 7)	2	0	13020	10988	11	11
(0, 14, 7)	1	0	51916	28607	18	17
(14, 0, 7)	2	0	21467	11891	11	11
(0, 15, 7)	1	0	20018	44797	17	16
(15, 0, 7)	2	0	53018	28729	14	14
(1, 2, 7)	1	0	12520	60508	16	15
(2, 1, 7)	2	0	99804	15738	31	31
(1, 3, 7)	2	0	36816	101673	27	27
(3, 1, 7)	1	0	71003	11007	10	9
(1, 4, 7)	1	0	12522	92512	18	17
(4, 1, 7)	1	0	73824	10494	11	10
(1, 5, 7)	2	0	18748	68144	12	12
(5, 1, 7)	2	0	164883	59037	49	49
(1, 6, 7)	1	0	9213	86481	13	12
(6, 1, 7)	2	0	73881	2072	11	11
(1, 7, 7)	1	0	12863	23593	20	19
(7, 1, 7)	2	0	67094	15174	19	19
(1, 8, 7)	1	0	17540	63495	18	17
(8, 1, 7)	2	0	179093	65908	63	63
(1, 9, 7)	2	0	115242	174860	54	54
(9, 1, 7)	2	0	169723	35501	47	47
(1, 10, 7)	1	0	13960	77747	17	16
(10, 1, 7)	2	0	56507	7653	18	18
(1, 11, 7)	1	0	18231	128031	32	31
(11, 1, 7)	2	0	108665	23373	32	32
(1, 12, 7)	1	0	8875	105697	19	18
(12, 1, 7)	2	0	96068	8272	11	11
(1, 13, 7)	1	0	8427	10650	13	12
(13, 1, 7)	2	0	6212	3124	6	6
(1, 14, 7)	1	0	11113	24389	13	12
(14, 1, 7)	2	0	30471	17785	28	28
(1, 15, 7)	1	0	15324	57985	24	23
(15, 1, 7)	2	0	95019	17541	22	22
(2, 3, 7)	2	0	131022	147344	39	39
(3, 2, 7)	1	0	69595	62480	14	13
(2, 4, 7)	1	0	133729	145161	37	36
(4, 2, 7)	2	0	105679	73859	23	23
(2, 5, 7)	2	0	148132	155238	46	46
(5, 2, 7)	1	0	149369	131864	34	33
(2, 6, 7)	1	0	45082	91816	11	10
(6, 2, 7)	2	0	162787	116266	30	30
(2, 7, 7)	1	0	53925	8368	17	16
(7, 2, 7)	2	0	8568	40896	13	13
(2, 8, 7)	1	0	107731	119753	25	24
(8, 2, 7)	1	0	86053	101162	27	26
(2, 9, 7)	1	0	57526	98226	17	16
(9, 2, 7)	1	0	136978	92266	29	28
(2, 10, 7)	1	0	30738	19385	11	10
(10, 2, 7)	2	0	63858	47826	16	16
(2, 11, 7)	1	0	47482	55104	18	17
(11, 2, 7)	2	0	89694	54883	27	27
(2, 12, 7)	1	0	66063	115666	18	17
(12, 2, 7)	2	0	85229	57682	11	11
(2, 13, 7)	1	0	77035	44618	18	17
(13, 2, 7)	2	0	3171	12205	9	9
(2, 14, 7)	1	0	49609	15027	12	11
(14, 2, 7)	2	0	18797	42109	12	12
(2, 15, 7)	1	0	29464	19981	8	7
(15, 2, 7)	2	0	51297	47289	20	20
(3, 4, 7)	1	0	102112	106217	24	23
(4, 3, 7)	1	0	135520	118616	26	25
(3, 5, 7)	2	0	135263	108458	28	28
(5, 3, 7)	2	0	143029	112778	36	36
(3, 6, 7)	2	0	127248	167038	33	33
(6, 3, 7)	2	0	162484	124519	33	33
(3, 7, 7)	2	0	98229	19430	21	21
(7, 3, 7)	1	0	20686	89830	16	15
(3, 8, 7)	1	0	51808	16787	8	7
(8, 3, 7)	2	0	54054	83227	17	17
(3, 9, 7)	1	0	51561	72444	12	11
(9, 3, 7)	2	0	133728	100054	25	25
(3, 10, 7)	1	0	71016	26460	12	11
(10, 3, 7)	2	0	47933	71170	15	15
(3, 11, 7)	1	0	53825	20660	14	13
(11, 3, 7)	2	0	83967	91827	26	26
(3, 12, 7)	1	0	59584	78354	10	9
(12, 3, 7)	2	0	87458	90099	10	10
(3, 13, 7)	1	0	101864	24483	22	21
(13, 3, 7)	2	0	6509	19309	8	8
(3, 14, 7)	1	0	82038	20797	13	12
(14, 3, 7)	2	0	20801	72340	14	14
(3, 15, 7)	1	0	36012	19669	8	7
(15, 3, 7)	2	0	32661	65850	12	12
(4, 5, 7)	1	0	159920	166915	48	47
(5, 4, 7)	2	0	108307	115201	21	21
(4, 6, 7)	1	0	168038	173651	42	41
(6, 4, 7)	2	0	163093	160681	32	32
(4, 7, 7)	1	0	131803	73035	22	21
(7, 4, 7)	1	0	11052	84527	19	18
(4, 8, 7)	2	0	82102	50641	21	21
(8, 4, 7)	2	0	63341	100736	16	16
(4, 9, 7)	1	0	137879	116703	26	25
(9, 4, 7)	2	0	135219	127465	23	23
(4, 10, 7)	1	0	110804	76682	23	22
(10, 4, 7)	2	0	104291	134595	23	23
(4, 11, 7)	1	0	98758	18972	17	16
(11, 4, 7)	2	0	63048	85992	16	16
(4, 12, 7)	1	0	94605	98646	15	14
(12, 4, 7)	2	0	67302	63684	9	9
(4, 13, 7)	1	0	98543	29090	18	17
(13, 4, 7)	2	0	6787	64132	8	8
(4, 14, 7)	1	0	78325	15845	13	12
(14, 4, 7)	2	0	29232	91825	14	14
(4, 15, 7)	1	0	106952	64706	16	15
(15, 4, 7)	2	0	51326	94490	17	17
(5, 6, 7)	1	0	166031	178503	52	51
(6, 5, 7)	2	0	62997	19052	8	8
(5, 7, 7)	1	0	68052	7845	17	16
(7, 5, 7)	2	0	24763	69315	16	16
(5, 8, 7)	1	0	37934	12106	10	9
(8, 5, 7)	2	0	42810	76202	12	12
(5, 9, 7)	1	0	104142	144055	27	26
(9, 5, 7)	2	0	69024	68817	14	14
(5, 10, 7)	1	0	54534	18886	14	13
(10, 5, 7)	2	0	65512	61653	14	14
(5, 11, 7)	1	0	102486	141548	31	30
(11, 5, 7)	2	0	44285	41766	10	10
(5, 12, 7)	1	0	68119	97081	13	12
(12, 5, 7)	2	0	67561	32045	9	9
(5, 13, 7)	1	0	105396	44314	23	22
(13, 5, 7)	2	0	26299	75842	19	19
(5, 14, 7)	1	0	97779	37542	21	20
(14, 5, 7)	2	0	29572	90130	20	20
(5, 15, 7)	1	0	74879	52091	17	16
(15, 5, 7)	2	0	41099	39899	17	17
(6, 7, 7)	1	0	160146	179844	44	43
(7, 6, 7)	2	0	64625	150892	32	32
(6, 8, 7)	2	0	103098	24755	19	19
(8, 6, 7)	1	0	81905	149713	27	26
(6, 9, 7)	2	0	171366	160530	42	42
(9, 6, 7)	2	0	152150	170217	38	38
(6, 10, 7)	2	0	129116	145299	36	36
(10, 6, 7)	2	0	84786	128109	19	19
(6, 11, 7)	1	0	116212	110212	33	32
(11, 6, 7)	2	0	173037	147566	41	41
(6, 12, 7)	2	0	119835	93044	18	18
(12, 6, 7)	2	0	134638	117577	20	20
(6, 13, 7)	1	0	89230	32583	26	25
(13, 6, 7)	2	0	121100	168751	36	36
(6, 14, 7)	1	0	174968	74252	50	49
(14, 6, 7)	2	0	40099	152287	31	31
(6, 15, 7)	1	0	122682	82257	33	32
(15, 6, 7)	2	0	66481	93662	19	19
(7, 8, 7)	1	0	8920	37395	12	11
(8, 7, 7)	1	0	48386	36230	21	20
(7, 9, 7)	2	0	112943	128248	23	23
(9, 7, 7)	1	0	123772	40159	20	19
(7, 10, 7)	2	0	179887	159141	34	34
(10, 7, 7)	2	0	118083	136201	21	21
(7, 11, 7)	2	0	10855	32898	15	15
(11, 7, 7)	2	0	27903	3390	10	10
(7, 12, 7)	1	0	7266	86692	11	10
(12, 7, 7)	2	0	100833	8208	13	13
(7, 13, 7)	1	0	7062	11486	14	13
(13, 7, 7)	2	0	6783	1837	8	8
(7, 14, 7)	1	0	32052	20274	17	16
(14, 7, 7)	2	0	27871	8554	15	15
(7, 15, 7)	1	0	29063	68290	17	16
(15, 7, 7)	2	0	70229	59160	17	17
(8, 9, 7)	1	0	156338	159662	44	43
(9, 8, 7)	2	0	123715	43627	21	21
(8, 10, 7)	1	0	45527	63077	27	26
(10, 8, 7)	2	0	73012	45947	22	22
(8, 11, 7)	2	0	110416	105479	31	31
(11, 8, 7)	1	0	42410	18765	10	9
(8, 12, 7)	1	0	74099	139654	22	21
(12, 8, 7)	2	0	95711	37541	17	17
(8, 13, 7)	1	0	94280	36435	25	24
(13, 8, 7)	2	0	3489	6492	10	10
(8, 14, 7)	1	0	32207	15814	13	12
(14, 8, 7)	2	0	37318	43099	19	19
(8, 15, 7)	1	0	95417	82038	30	29
(15, 8, 7)	2	0	61805	45787	24	24
(9, 10, 7)	1	0	97079	48721	19	18
(10, 9, 7)	2	0	44059	62510	18	18
(9, 11, 7)	2	0	110430	87886	17	17
(11, 9, 7)	2	0	159800	113271	30	30
(9, 12, 7)	2	0	58548	33632	10	10
(12, 9, 7)	2	0	97717	65266	12	12
(9, 13, 7)	2	0	62111	7609	9	9
(13, 9, 7)	2	0	6682	23840	8	8
(9, 14, 7)	1	0	75777	18940	17	16
(14, 9, 7)	2	0	33149	64393	14	14
(9, 15, 7)	1	0	103484	54663	21	20
(15, 9, 7)	2	0	65162	78126	16	16
(10, 11, 7)	2	0	151856	106805	38	38
(11, 10, 7)	2	0	29193	17771	13	13
(10, 12, 7)	1	0	165071	152425	32	31
(12, 10, 7)	2	0	112474	117454	19	19
(10, 13, 7)	1	0	165302	59112	38	37
(13, 10, 7)	2	0	3387	9285	9	9
(10, 14, 7)	1	0	131786	39164	27	26
(14, 10, 7)	2	0	17884	25717	11	11
(10, 15, 7)	1	0	117880	117431	37	36
(15, 10, 7)	2	0	77429	52460	31	31
(11, 12, 7)	1	0	33167	78169	15	14
(12, 11, 7)	2	0	48437	10083	6	6
(11, 13, 7)	1	0	59847	20035	15	14
(13, 11, 7)	2	0	7279	44318	14	14
(11, 14, 7)	2	0	126967	63412	40	40
(14, 11, 7)	2	0	18926	81204	13	13
(11, 15, 7)	1	0	96288	61365	17	16
(15, 11, 7)	2	0	40890	28350	14	14
(12, 13, 7)	1	0	98144	39573	18	17
(13, 12, 7)	2	0	6828	30500	12	12
(12, 14, 7)	1	0	97922	19232	15	14
(14, 12, 7)	2	0	17956	94517	18	18
(12, 15, 7)	2	0	79075	29272	11	11
(15, 12, 7)	2	0	29379	52950	11	11
(13, 14, 7)	1	0	160353	128733	70	69
(14, 13, 7)	1	0	26526	12784	11	10
(13, 15, 7)	2	0	3790	6826	11	11
(15, 13, 7)	2	0	46565	24676	16	16
(14, 15, 7)	2	0	26939	36141	19	19
(15, 14, 7)	2	0	85730	38924	24	24
(0, 1, 8)	1	0	59143	18726	22	21
(1, 0, 8)	2	0	25581	63642	19	19
(0, 2, 8)	1	0	25402	86953	27	26
(2, 0, 8)	2	0	36723	7822	11	11
(0, 3, 8)	2	0	34547	89573	18	18
(3, 0, 8)	2	0	99129	13122	20	20
(0, 4, 8)	1	0	11256	55181	14	13
(4, 0, 8)	1	0	136728	58084	31	30
(0, 5, 8)	2	0	69899	114073	29	29
(5, 0, 8)	1	0	109931	58362	21	20
(0, 6, 8)	1	0	61729	158233	28	27
(6, 0, 8)	2	0	70094	22025	11	11
(0, 7, 8)	1	0	22562	26328	18	17
(7, 0, 8)	2	0	18266	11181	12	12
(0, 8, 8)	1	0	16933	17356	9	8
(8, 0, 8)	2	0	32295	8517	11	11
(0, 9, 8)	1	0	41471	146322	30	29
(9, 0, 8)	2	0	117577	14707	22	22
(0, 10, 8)	1	0	55861	104223	25	24
(10, 0, 8)	2	0	49307	20252	14	14
(0, 11, 8)	1	0	26259	67561	15	14
(11, 0, 8)	2	0	72049	15411	18	18
(0, 12, 8)	1	0	20201	106191	14	13
(12, 0, 8)	2	0	81323	16367	11	11
(0, 13, 8)	1	0	17632	22225	14	13
(13, 0, 8)	2	0	7554	14134	17	17
(0, 14, 8)	1	0	27562	18016	13	12
(14, 0, 8)	2	0	20174	22162	10	10
(0, 15, 8)	1	0	28489	63074	19	18
(15, 0, 8)	2	0	38230	23999	16	16
(1, 2, 8)	1	0	20183	87224	23	22
(2, 1, 8)	2	0	143986	51672	44	44
(1, 3, 8)	2	0	28937	73800	15	15
(3, 1, 8)	2	0	109587	22562	25	25
(1, 4, 8)	1	0	24917	115788	27	26
(4, 1, 8)	1	0	127145	21863	23	22
(1, 5, 8)	2	0	60623	159276	40	40
(5, 1, 8)	1	0	44900	9772	9	8
(1, 6, 8)	1	0	19793	147871	25	24
(6, 1, 8)	2	0	58490	4301	10	10
(1, 7, 8)	1	0	17484	63623	24	23
(7, 1, 8)	2	0	179793	40989	43	43
(1, 8, 8)	1	0	10714	53315	15	14
(8, 1, 8)	1	0	73643	25516	25	24
(1, 9, 8)	1	0	44923	153615	38	37
(9, 1, 8)	1	0	156404	71583	35	34
(1, 10, 8)	1	0	13319	105863	21	20
(10, 1, 8)	2	0	30303	5441	10	10
(1, 11, 8)	1	0	31641	98030	44	43
(11, 1, 8)	2	0	67546	10148	19	19
(1, 12, 8)	2	0	9201	57488	10	10
(12, 1, 8)	2	0	150490	21439	26	26
(1, 13, 8)	1	0	4283	8009	10	9
(13, 1, 8)	2	0	10194	12666	20	20
(1, 14, 8)	1	0	9556	23326	17	16
(14, 1, 8)	2	0	65174	36371	32	32
(1, 15, 8)	1	0	6450	21097	9	8
(15, 1, 8)	2	0	45825	8679	14	14
(2, 3, 8)	2	0	36619	44073	11	11
(3, 2, 8)	1	0	72764	65037	19	18
(2, 4, 8)	2	0	24966	107579	13	13
(4, 2, 8)	2	0	90658	51215	24	24
(2, 5, 8)	2	0	36948	34731	11	11
(5, 2, 8)	1	0	45231	20120	12	11
(2, 6, 8)	1	0	66551	111247	17	16
(6, 2, 8)	1	0	169365	154893	48	47
(2, 7, 8)	1	0	25621	25213	8	7
(7, 2, 8)	2	0	40817	84243	29	29
(2, 8, 8)	2	0	43330	32612	19	19
(8, 2, 8)	2	0	99706	106065	28	28
(2, 9, 8)	1	0	29866	50895	13	12
(9, 2, 8)	1	0	95995	39285	17	16
(2, 10, 8)	1	0	75722	89677	18	17
(10, 2, 8)	1	0	33198	28854	12	11
(2, 11, 8)	1	0	45500	19689	20	19
(11, 2, 8)	2	0	95375	22135	12	12
(2, 12, 8)	1	0	26214	42736	7	6
(12, 2, 8)	2	0	119015	75454	18	18
(2, 13, 8)	1	0	20047	7609	10	9
(13, 2, 8)	2	0	9566	38998	12	12
(2, 14, 8)	1	0	35836	9841	10	9
(14, 2, 8)	2	0	35987	71533	15	15
(2, 15, 8)	1	0	41646	28081	13	12
(15, 2, 8)	2	0	37241	40844	20	20
(3, 4, 8)	1	0	93272	66913	17	16
(4, 3, 8)	2	0	39799	62534	13	13
(3, 5, 8)	2	0	97058	89332	20	20
(5, 3, 8)	1	0	38676	35738	11	10
(3, 6, 8)	1	0	134015	170471	34	33
(6, 3, 8)	2	0	45825	44132	11	11
(3, 7, 8)	1	0	110539	130180	32	31
(7, 3, 8)	2	0	15585	53121	11	11
(3, 8, 8)	2	0	84870	23401	14	14
(8, 3, 8)	2	0	32327	54152	11	11
(3, 9, 8)	1	0	91503	88089	17	16
(9, 3, 8)	1	0	100341	120095	25	24
(3, 10, 8)	1	0	84932	83060	20	19
(10, 3, 8)	2	0	30842	43904	15	15
(3, 11, 8)	1	0	95949	55924	27	26
(11, 3, 8)	1	0	76059	57276	15	14
(3, 12, 8)	1	0	88773	99706	14	13
(12, 3, 8)	2	0	82324	69146	12	12
(3, 13, 8)	1	0	35124	7241	12	11
(13, 3, 8)	2	0	9479	73639	18	18
(3, 14, 8)	1	0	53311	15868	9	8
(14, 3, 8)	2	0	23563	94882	19	19
(3, 15, 8)	1	0	75990	39293	16	15
(15, 3, 8)	2	0	46111	80739	13	13
(4, 5, 8)	2	0	112208	101219	25	25
(5, 4, 8)	1	0	70200	71001	15	14
(4, 6, 8)	1	0	167831	173551	48	47
(6, 4, 8)	2	0	80225	73010	11	11
(4, 7, 8)	1	0	100658	19786	16	15
(7, 4, 8)	1	0	139075	130164	33	32
(4, 8, 8)	2	0	69444	40594	18	18
(8, 4, 8)	2	0	42491	102916	14	14
(4, 9, 8)	2	0	93900	134708	25	25
(9, 4, 8)	1	0	52688	43733	13	12
(4, 10, 8)	2	0	43647	17395	15	15
(10, 4, 8)	2	0	36263	84266	13	13
(4, 11, 8)	1	0	73427	79322	11	10
(11, 4, 8)	2	0	84057	95751	17	17
(4, 12, 8)	1	0	81870	107718	17	16
(12, 4, 8)	2	0	88874	96809	15	15
(4, 13, 8)	1	0	108491	36063	23	22
(13, 4, 8)	2	0	43621	102901	21	21
(4, 14, 8)	1	0	93693	27082	14	13
(14, 4, 8)	2	0	34078	121329	16	16
(4, 15, 8)	1	0	68888	14876	14	13
(15, 4, 8)	1	0	30322	76146	19	18
(5, 6, 8)	1	0	88159	103821	18	17
(6, 5, 8)	2	0	45865	21773	10	10
(5, 7, 8)	1	0	131736	139119	25	24
(7, 5, 8)	2	0	15693	31395	10	10
(5, 8, 8)	1	0	153032	125114	28	27
(8, 5, 8)	2	0	40041	76513	13	13
(5, 9, 8)	1	0	54636	62847	11	10
(9, 5, 8)	2	0	88067	58112	13	13
(5, 10, 8)	1	0	87325	102850	22	21
(10, 5, 8)	2	0	19138	36522	10	10
(5, 11, 8)	1	0	47619	64295	12	11
(11, 5, 8)	2	0	39698	42888	16	16
(5, 12, 8)	1	0	76585	128877	19	18
(12, 5, 8)	2	0	120500	64152	16	16
(5, 13, 8)	1	0	48402	11243	12	11
(13, 5, 8)	2	0	6670	34078	12	12
(5, 14, 8)	1	0	80227	25625	13	12
(14, 5, 8)	2	0	28747	95852	19	19
(5, 15, 8)	1	0	63926	41561	13	12
(15, 5, 8)	2	0	78599	81925	26	26
(6, 7, 8)	1	0	124593	179820	42	41
(7, 6, 8)	2	0	179839	153329	33	33
(6, 8, 8)	2	0	129026	47855	20	20
(8, 6, 8)	1	0	32491	106045	16	15
(6, 9, 8)	1	0	174497	175552	70	69
(9, 6, 8)	1	0	78307	124365	16	15
(6, 10, 8)	1	0	141910	154894	40	39
(10, 6, 8)	1	0	41742	105065	21	20
(6, 11, 8)	2	0	69627	58047	12	12
(11, 6, 8)	2	0	104237	134213	29	29
(6, 12, 8)	1	0	68991	107129	14	13
(12, 6, 8)	2	0	79414	68460	10	10
(6, 13, 8)	1	0	95438	13703	21	20
(13, 6, 8)	2	0	50882	152979	27	27
(6, 14, 8)	1	0	142399	34019	34	33
(14, 6, 8)	2	0	76361	176798	47	47
(6, 15, 8)	2	0	98922	14510	21	21
(15, 6, 8)	2	0	90263	125270	22	22
(7, 8, 8)	2	0	19937	27185	14	14
(8, 7, 8)	2	0	42463	12842	11	11
(7, 9, 8)	1	0	17056	79953	14	13
(9, 7, 8)	2	0	95781	17152	15	15
(7, 10, 8)	1	0	178316	132373	33	32
(10, 7, 8)	1	0	153638	179792	29	28
(7, 11, 8)	1	0	19625	176901	19	18
(11, 7, 8)	1	0	38338	10151	10	9
(7, 12, 8)	1	0	20174	93284	15	14
(12, 7, 8)	2	0	82239	8100	13	13
(7, 13, 8)	1	0	51883	14313	15	14
(13, 7, 8)	2	0	6869	3953	13	13
(7, 14, 8)	1	0	15856	16510	12	11
(14, 7, 8)	2	0	28578	15495	15	15
(7, 15, 8)	1	0	17409	40201	15	14
(15, 7, 8)	1	0	28937	14631	13	12
(8, 9, 8)	2	0	58064	100193	13	13
(9, 8, 8)	2	0	157247	114838	30	30
(8, 10, 8)	1	0	44001	69130	21	20
(10, 8, 8)	1	0	40023	33985	18	17
(8, 11, 8)	1	0	73614	81291	31	30
(11, 8, 8)	2	0	101543	114852	40	40
(8, 12, 8)	1	0	15456	63780	10	9
(12, 8, 8)	2	0	152801	113922	27	27
(8, 13, 8)	1	0	63373	39789	25	24
(13, 8, 8)	2	0	11325	32354	14	14
(8, 14, 8)	1	0	102829	53163	40	39
(14, 8, 8)	2	0	41792	73609	30	30
(8, 15, 8)	1	0	32252	44170	18	17
(15, 8, 8)	2	0	57143	37702	13	13
(9, 10, 8)	1	0	142854	159808	40	39
(10, 9, 8)	2	0	18728	48824	10	10
(9, 11, 8)	1	0	66651	41683	15	14
(11, 9, 8)	1	0	67203	75957	14	13
(9, 12, 8)	1	0	119961	155480	29	28
(12, 9, 8)	2	0	82224	69907	12	12
(9, 13, 8)	1	0	121910	34127	25	24
(13, 9, 8)	2	0	6146	55611	17	17
(9, 14, 8)	1	0	77625	19759	15	14
(14, 9, 8)	2	0	35152	93384	17	17
(9, 15, 8)	1	0	87028	54765	26	25
(15, 9, 8)	2	0	31533	55624	10	10
(10, 11, 8)	2	0	66177	105659	17	17
(11, 10, 8)	2	0	48997	9542	18	18
(10, 12, 8)	2	0	116206	133650	27	27
(12, 10, 8)	2	0	127270	61709	18	18
(10, 13, 8)	1	0	41271	10146	14	13
(13, 10, 8)	2	0	43575	74249	31	31
(10, 14, 8)	1	0	60396	18343	13	12
(14, 10, 8)	2	0	17451	43657	11	11
(10, 15, 8)	1	0	105014	112301	43	42
(15, 10, 8)	2	0	25053	18796	11	11
(11, 12, 8)	1	0	80026	132572	21	20
(12, 11, 8)	2	0	116860	49101	19	19
(11, 13, 8)	1	0	25508	8279	14	13
(13, 11, 8)	2	0	9369	40021	15	15
(11, 14, 8)	1	0	36024	20424	13	12
(14, 11, 8)	2	0	32404	64840	24	24
(11, 15, 8)	1	0	83231	92040	23	22
(15, 11, 8)	2	0	36498	54290	10	10
(12, 13, 8)	1	0	79875	15013	15	14
(13, 12, 8)	1	0	38422	168132	46	45
(12, 14, 8)	1	0	44623	11864	13	12
(14, 12, 8)	2	0	26483	79242	18	18
(12, 15, 8)	1	0	46045	21019	9	8
(15, 12, 8)	2	0	69010	118067	23	23
(13, 14, 8)	1	0	26110	26304	20	19
(14, 13, 8)	2	0	13328	9642	9	9
(13, 15, 8)	2	0	7139	24476	24	24
(15, 13, 8)	1	0	37260	11051	18	17
(14, 15, 8)	1	0	29703	66433	21	20
(15, 14, 8)	2	0	112591	46699	27	27
(0, 1, 9)	1	0	10701	15161	9	8
(1, 0, 9)	2	0	15160	16251	10	10
(0, 2, 9)	1	0	24672	32068	11	10
(2, 0, 9)	2	0	77227	14692	18	18
(0, 3, 9)	1	0	13016	39017	10	9
(3, 0, 9)	2	0	41844	4082	9	9
(0, 4, 9)	2	0	86688	142567	25	25
(4, 0, 9)	2	0	40667	6503	11	11
(0, 5, 9)	2	0	19159	46732	15	15
(5, 0, 9)	1	0	47042	4776	12	11
(0, 6, 9)	1	0	12236	74376	10	9
(6, 0, 9)	2	0	123166	13836	19	19
(0, 7, 9)	1	0	10972	120163	12	11
(7, 0, 9)	2	0	71741	9668	14	14
(0, 8, 9)	1	0	11634	6901	10	9
(8, 0, 9)	2	0	22065	15187	9	9
(0, 9, 9)	2	0	34260	91618	19	19
(9, 0, 9)	2	0	107909	14865	17	17
(0, 10, 9)	1	0	16627	13004	8	7
(10, 0, 9)	2	0	59443	19937	15	15
(0, 11, 9)	1	0	11951	69540	13	12
(11, 0, 9)	2	0	38990	5976	14	14
(0, 12, 9)	1	0	14938	108372	13	12
(12, 0, 9)	2	0	75268	8337	9	9
(0, 13, 9)	1	0	14820	27936	9	8
(13, 0, 9)	2	0	7800	5391	11	11
(0, 14, 9)	1	0	15203	9931	10	9
(14, 0, 9)	2	0	11454	4995	9	9
(0, 15, 9)	1	0	14368	15078	9	8
(15, 0, 9)	2	0	35360	8237	9	9
(1, 2, 9)	1	0	4082	25421	10	9
(2, 1, 9)	1	0	74107	29348	20	19
(1, 3, 9)	1	0	5683	55021	17	16
(3, 1, 9)	1	0	50952	15778	9	8
(1, 4, 9)	2	0	18658	66915	10	10
(4, 1, 9)	1	0	54752	13339	9	8
(1, 5, 9)	2	0	18397	38416	10	10
(5, 1, 9)	1	0	75486	46662	15	14
(1, 6, 9)	1	0	4025	69280	10	9
(6, 1, 9)	2	0	127424	11675	18	18
(1, 7, 9)	1	4	3775	3646	2	1
(7, 1, 9)	1	0	33236	10707	8	7
(1, 8, 9)	1	0	4201	7382	12	11
(8, 1, 9)	2	0	78852	11750	18	18
(1, 9, 9)	1	0	5862	65783	10	9
(9, 1, 9)	1	0	36124	15947	9	8
(1, 10, 9)	1	0	4060	16326	9	8
(10, 1, 9)	1	0	19319	8878	11	10
(1, 11, 9)	1	0	6076	116575	12	11
(11, 1, 9)	2	0	56282	7729	11	11
(1, 12, 9)	1	0	11772	81065	10	9
(12, 1, 9)	2	0	74144	14509	13	13
(1, 13, 9)	1	0	6033	22492	10	9
(13, 1, 9)	2	0	11698	12504	11	11
(1, 14, 9)	1	0	4112	7901	9	8
(14, 1, 9)	2	0	14918	11305	8	8
(1, 15, 9)	1	0	21998	82563	26	25
(15, 1, 9)	2	0	34097	8055	11	11
(2, 3, 9)	2	0	96888	117552	28	28
(3, 2, 9)	2	0	91916	58055	20	20
(2, 4, 9)	1	0	32699	36740	11	10
(4, 2, 9)	2	0	64797	23237	12	12
(2, 5, 9)	2	0	67360	50050	18	18
(5, 2, 9)	1	0	51012	41217	10	9
(2, 6, 9)	1	0	19321	75835	8	7
(6, 2, 9)	1	0	165060	149602	39	38
(2, 7, 9)	2	0	48039	56374	14	14
(7, 2, 9)	1	0	140544	89090	26	25
(2, 8, 9)	1	0	42419	21944	12	11
(8, 2, 9)	2	0	12624	22454	9	9
(2, 9, 9)	2	0	72016	59898	16	16
(9, 2, 9)	2	0	70081	31302	12	12
(2, 10, 9)	1	0	22231	13296	9	8
(10, 2, 9)	1	0	41595	36406	18	17
(2, 11, 9)	1	0	47215	58028	17	16
(11, 2, 9)	2	0	50153	37305	15	15
(2, 12, 9)	1	0	52708	84109	13	12
(12, 2, 9)	2	0	34308	24729	8	8
(2, 13, 9)	1	0	27662	15392	10	9
(13, 2, 9)	2	0	8352	16958	10	10
(2, 14, 9)	1	0	19054	8571	12	11
(14, 2, 9)	1	0	20349	52790	17	16
(2, 15, 9)	1	0	46311	40078	14	13
(15, 2, 9)	1	0	35341	40611	17	16
(3, 4, 9)	2	0	64329	71778	11	11
(4, 3, 9)	2	0	86086	83052	20	20
(3, 5, 9)	2	0	35536	22126	7	7
(5, 3, 9)	1	0	43761	82553	13	12
(3, 6, 9)	1	0	45724	57826	11	10
(6, 3, 9)	1	0	150326	116717	31	30
(3, 7, 9)	1	0	47960	60921	9	8
(7, 3, 9)	2	0	47648	54948	14	14
(3, 8, 9)	1	0	47550	7356	11	10
(8, 3, 9)	1	0	35606	43151	15	14
(3, 9, 9)	1	0	56364	61520	10	9
(9, 3, 9)	2	0	61880	62945	10	10
(3, 10, 9)	1	0	32316	16236	9	8
(10, 3, 9)	1	0	55059	74309	14	13
(3, 11, 9)	1	0	41163	133668	13	12
(11, 3, 9)	1	0	26256	54116	14	13
(3, 12, 9)	1	0	53086	35984	9	8
(12, 3, 9)	2	0	73627	43211	13	13
(3, 13, 9)	1	0	33610	19586	9	8
(13, 3, 9)	1	0	25340	92193	14	13
(3, 14, 9)	1	0	49271	7445	9	8
(14, 3, 9)	2	0	19822	52633	14	14
(3, 15, 9)	2	0	54182	14853	10	10
(15, 3, 9)	2	0	31868	45724	9	9
(4, 5, 9)	2	0	59657	33577	15	15
(5, 4, 9)	1	0	37448	27159	11	10
(4, 6, 9)	1	0	64087	54953	9	8
(6, 4, 9)	1	0	174942	174804	61	60
(4, 7, 9)	2	0	48340	9989	11	11
(7, 4, 9)	2	0	59405	84494	14	14
(4, 8, 9)	1	0	63104	9691	8	7
(8, 4, 9)	2	0	43189	102706	13	13
(4, 9, 9)	2	0	42371	54886	11	11
(9, 4, 9)	1	0	133465	111708	29	28
(4, 10, 9)	1	0	63647	12474	9	8
(10, 4, 9)	2	0	101399	116529	26	26
(4, 11, 9)	2	0	28195	88109	12	12
(11, 4, 9)	2	0	46565	63723	10	10
(4, 12, 9)	1	0	53583	28330	10	9
(12, 4, 9)	1	0	36678	36642	13	12
(4, 13, 9)	1	0	67662	18288	13	12
(13, 4, 9)	1	0	9332	26315	13	12
(4, 14, 9)	1	0	63271	5891	10	9
(14, 4, 9)	2	0	23391	115291	20	20
(4, 15, 9)	1	0	80963	15110	12	11
(15, 4, 9)	2	0	40820	54661	12	12
(5, 6, 9)	1	0	41713	61873	10	9
(6, 5, 9)	2	0	124124	47209	20	20
(5, 7, 9)	1	0	34444	8610	12	11
(7, 5, 9)	2	0	42388	25308	7	7
(5, 8, 9)	1	0	73901	38709	13	12
(8, 5, 9)	2	0	12073	25986	9	9
(5, 9, 9)	1	0	30638	77930	12	11
(9, 5, 9)	2	0	50219	18428	12	12
(5, 10, 9)	1	0	48352	25784	12	11
(10, 5, 9)	2	0	67995	79655	20	20
(5, 11, 9)	1	0	40811	55554	11	10
(11, 5, 9)	2	0	37460	18864	9	9
(5, 12, 9)	1	0	31724	46057	6	5
(12, 5, 9)	2	0	34277	12653	8	8
(5, 13, 9)	1	0	65350	47012	12	11
(13, 5, 9)	2	0	8478	24971	11	11
(5, 14, 9)	1	0	42394	9521	10	9
(14, 5, 9)	2	0	8146	20730	7	7
(5, 15, 9)	1	0	45268	18921	9	8
(15, 5, 9)	2	0	20354	21006	11	11
(6, 7, 9)	1	0	163024	179822	28	27
(7, 6, 9)	1	0	33157	28702	10	9
(6, 8, 9)	2	0	129604	63010	23	23
(8, 6, 9)	1	0	109942	156705	29	28
(6, 9, 9)	1	0	178935	178806	66	65
(9, 6, 9)	1	0	49952	91489	11	10
(6, 10, 9)	2	0	50645	11419	10	10
(10, 6, 9)	1	0	45746	122965	18	17
(6, 11, 9)	2	0	105358	60286	12	12
(11, 6, 9)	2	0	41839	25783	15	15
(6, 12, 9)	1	0	169329	171339	43	42
(12, 6, 9)	1	0	22516	21522	9	8
(6, 13, 9)	1	0	162538	75702	35	34
(13, 6, 9)	2	0	9713	63573	11	11
(6, 14, 9)	1	0	152433	58230	33	32
(14, 6, 9)	1	0	24287	108861	16	15
(6, 15, 9)	2	0	113810	32357	16	16
(15, 6, 9)	1	0	26384	114306	17	16
(7, 8, 9)	1	0	63498	21969	8	7
(8, 7, 9)	2	0	50311	36425	14	14
(7, 9, 9)	2	0	120118	108323	28	28
(9, 7, 9)	2	0	83473	22276	13	13
(7, 10, 9)	2	0	68975	35921	19	19
(10, 7, 9)	1	0	28662	11384	10	9
(7, 11, 9)	1	0	75543	70865	17	16
(11, 7, 9)	2	0	67438	6575	10	10
(7, 12, 9)	1	0	32088	38585	5	4
(12, 7, 9)	2	0	75887	27532	11	11
(7, 13, 9)	1	0	33261	23964	13	12
(13, 7, 9)	1	0	8619	34150	10	9
(7, 14, 9)	1	0	34961	11285	14	13
(14, 7, 9)	2	0	16650	10638	17	17
(7, 15, 9)	1	0	33655	20439	10	9
(15, 7, 9)	1	0	26880	18110	13	12
(8, 9, 9)	1	0	120025	149264	37	36
(9, 8, 9)	2	0	101991	13069	16	16
(8, 10, 9)	2	0	12115	9845	10	10
(10, 8, 9)	1	0	24444	16972	12	11
(8, 11, 9)	2	0	12078	51517	9	9
(11, 8, 9)	2	0	89389	7385	17	17
(8, 12, 9)	1	0	69492	131082	20	19
(12, 8, 9)	1	0	44167	28053	11	10
(8, 13, 9)	1	0	16808	21255	11	10
(13, 8, 9)	1	0	15628	8800	13	12
(8, 14, 9)	1	0	23120	15517	16	15
(14, 8, 9)	1	0	12746	17135	9	8
(8, 15, 9)	2	0	24753	26017	10	10
(15, 8, 9)	2	0	57402	68498	26	26
(9, 10, 9)	1	0	33360	12215	8	7
(10, 9, 9)	1	0	23200	96403	24	23
(9, 11, 9)	1	0	59206	105932	14	13
(11, 9, 9)	2	0	80533	25261	11	11
(9, 12, 9)	1	0	42991	44951	7	6
(12, 9, 9)	1	0	124787	130669	30	29
(9, 13, 9)	1	0	25237	27230	12	11
(13, 9, 9)	2	0	8508	71135	11	11
(9, 14, 9)	1	0	29227	12883	11	10
(14, 9, 9)	1	0	11109	63721	13	12
(9, 15, 9)	1	0	44546	15725	9	8
(15, 9, 9)	2	0	37630	67474	9	9
(10, 11, 9)	1	0	65158	120146	20	19
(11, 10, 9)	2	0	83567	10767	14	14
(10, 12, 9)	1	0	20900	89949	18	17
(12, 10, 9)	2	0	110098	32762	15	15
(10, 13, 9)	1	0	20257	11129	11	10
(13, 10, 9)	1	0	9325	17870	15	14
(10, 14, 9)	1	0	21072	12877	16	15
(14, 10, 9)	1	0	12302	11853	10	9
(10, 15, 9)	1	0	29307	21175	9	8
(15, 10, 9)	2	0	136369	143914	39	39
(11, 12, 9)	1	0	26208	44854	6	5
(12, 11, 9)	2	0	110239	84161	21	21
(11, 13, 9)	2	0	22050	19996	12	12
(13, 11, 9)	2	0	9218	69495	12	12
(11, 14, 9)	1	0	34584	7038	10	9
(14, 11, 9)	2	0	11231	67025	11	11
(11, 15, 9)	2	0	40243	36364	13	13
(15, 11, 9)	1	0	31036	36064	25	24
(12, 13, 9)	1	0	111026	38669	28	27
(13, 12, 9)	1	0	7582	48759	6	5
(12, 14, 9)	1	0	33566	7230	9	8
(14, 12, 9)	1	0	15324	58848	8	7
(12, 15, 9)	2	0	119573	47895	18	18
(15, 12, 9)	2	0	40826	50617	11	11
(13, 14, 9)	2	0	21750	7222	9	9
(14, 13, 9)	1	0	15015	17285	12	11
(13, 15, 9)	1	0	13656	23725	12	11
(15, 13, 9)	1	0	31002	20212	12	11
(14, 15, 9)	1	0	12561	17625	9	8
(15, 14, 9)	2	0	40431	10874	12	12
(0, 1, 10)	1	0	7562	6059	18	17
(1, 0, 10)	2	0	23013	117872	29	29
(0, 2, 10)	1	0	46524	94960	35	34
(2, 0, 10)	2	0	135387	69534	50	50
(0, 3, 10)	1	0	91468	125034	31	30
(3, 0, 10)	2	0	21634	16678	14	14
(0, 4, 10)	2	0	142571	138794	39	39
(4, 0, 10)	2	0	78256	21624	26	26
(0, 5, 10)	2	0	50448	106204	40	40
(5, 0, 10)	2	0	124749	35480	32	32
(0, 6, 10)	1	0	30141	148272	26	25
(6, 0, 10)	2	0	68159	13619	12	12
(0, 7, 10)	1	0	4954	43994	18	17
(7, 0, 10)	2	0	92569	9597	22	22
(0, 8, 10)	1	0	20794	83732	19	18
(8, 0, 10)	2	0	37438	29900	15	15
(0, 9, 10)	1	0	17766	103103	27	26
(9, 0, 10)	2	0	50264	9806	15	15
(0, 10, 10)	1	0	11844	50613	17	16
(10, 0, 10)	2	0	69937	50259	21	21
(0, 11, 10)	1	0	115	1302	2	1
(11, 0, 10)	2	0	10056	1045	4	4
(0, 12, 10)	1	0	30398	129424	25	24
(12, 0, 10)	2	0	129934	28344	24	24
(0, 13, 10)	1	0	17531	45196	19	18
(13, 0, 10)	2	0	28516	20118	13	13
(0, 14, 10)	1	0	5373	1267	14	13
(14, 0, 10)	2	0	6597	14731	17	17
(0, 15, 10)	1	0	8123	15492	14	13
(15, 0, 10)	2	0	13725	23637	12	12
(1, 2, 10)	1	0	41698	144739	40	39
(2, 1, 10)	1	0	80312	7816	21	20
(1, 3, 10)	1	0	36736	159436	45	44
(3, 1, 10)	2	0	76516	9832	22	22
(1, 4, 10)	2	0	68497	166413	55	55
(4, 1, 10)	1	0	130083	36156	28	27
(1, 5, 10)	2	0	14233	59330	18	18
(5, 1, 10)	1	0	133798	28348	29	28
(1, 6, 10)	1	0	7880	103236	22	21
(6, 1, 10)	2	0	50735	3995	14	14
(1, 7, 10)	1	0	18098	179809	29	28
(7, 1, 10)	2	0	87044	6464	18	18
(1, 8, 10)	1	0	18869	94089	28	27
(8, 1, 10)	2	0	42564	4463	14	14
(1, 9, 10)	2	0	26804	100713	23	23
(9, 1, 10)	2	0	122242	10553	23	23
(1, 10, 10)	1	0	16855	107031	27	26
(10, 1, 10)	2	0	123762	14999	30	30
(1, 11, 10)	1	0	840	4226	3	2
(11, 1, 10)	2	0	31257	4431	8	8
(1, 12, 10)	1	0	18766	160488	34	33
(12, 1, 10)	2	0	122976	11553	22	22
(1, 13, 10)	1	0	12305	39438	22	21
(13, 1, 10)	2	0	30726	9231	16	16
(1, 14, 10)	1	0	4411	2017	10	9
(14, 1, 10)	2	0	2625	3440	16	16
(1, 15, 10)	1	0	5649	22666	25	24
(15, 1, 10)	2	0	28517	4184	16	16
(2, 3, 10)	2	0	97701	66886	23	23
(3, 2, 10)	2	0	44230	40568	18	18
(2, 4, 10)	2	0	84798	114791	22	22
(4, 2, 10)	2	0	64666	46412	20	20
(2, 5, 10)	2	0	101001	135626	33	33
(5, 2, 10)	1	0	135954	134742	42	41
(2, 6, 10)	2	0	161298	172289	64	64
(6, 2, 10)	2	0	111064	47617	19	19
(2, 7, 10)	2	0	89325	178461	22	22
(7, 2, 10)	2	0	179830	89162	31	31
(2, 8, 10)	2	0	120256	124468	40	40
(8, 2, 10)	2	0	162637	124350	36	36
(2, 9, 10)	2	0	142376	145706	53	53
(9, 2, 10)	2	0	135565	87371	30	30
(2, 10, 10)	1	0	53778	31657	15	14
(10, 2, 10)	2	0	115615	67916	39	39
(2, 11, 10)	1	0	14948	1302	2	1
(11, 2, 10)	2	0	22777	28788	5	5
(2, 12, 10)	1	0	87196	119885	23	22
(12, 2, 10)	2	0	140189	63114	24	24
(2, 13, 10)	1	0	70547	29758	27	26
(13, 2, 10)	2	0	70873	126115	45	45
(2, 14, 10)	1	0	49193	5533	13	12
(14, 2, 10)	2	0	7154	49894	18	18
(2, 15, 10)	1	0	54314	31840	17	16
(15, 2, 10)	2	0	24906	27566	14	14
(3, 4, 10)	1	0	101256	129847	30	29
(4, 3, 10)	2	0	127077	79459	31	31
(3, 5, 10)	2	0	56402	56990	24	24
(5, 3, 10)	1	0	109344	76440	25	24
(3, 6, 10)	2	0	77415	87906	27	27
(6, 3, 10)	2	0	50635	13378	16	16
(3, 7, 10)	1	0	70658	179774	21	20
(7, 3, 10)	2	0	69344	5973	13	13
(3, 8, 10)	2	0	55367	43827	22	22
(8, 3, 10)	2	0	55515	35363	17	17
(3, 9, 10)	2	0	100852	126591	23	23
(9, 3, 10)	2	0	166038	154086	53	53
(3, 10, 10)	1	0	66682	79524	28	27
(10, 3, 10)	2	0	104216	70076	23	23
(3, 11, 10)	1	0	10925	1302	2	1
(11, 3, 10)	2	0	39938	46399	17	17
(3, 12, 10)	2	0	54637	85475	17	17
(12, 3, 10)	2	0	67956	28230	14	14
(3, 13, 10)	1	0	32857	25814	18	17
(13, 3, 10)	2	0	39215	35308	17	17
(3, 14, 10)	1	0	50041	15557	17	16
(14, 3, 10)	2	0	3584	22789	16	16
(3, 15, 10)	1	0	65491	47152	27	26
(15, 3, 10)	2	0	21311	21634	14	14
(4, 5, 10)	2	0	75271	68513	21	21
(5, 4, 10)	1	0	144166	128564	38	37
(4, 6, 10)	1	0	96393	78029	18	17
(6, 4, 10)	2	0	39592	69332	15	15
(4, 7, 10)	1	0	139102	179820	29	28
(7, 4, 10)	2	0	86823	94232	22	22
(4, 8, 10)	1	0	114841	94281	22	21
(8, 4, 10)	2	0	50865	70060	17	17
(4, 9, 10)	1	0	129220	152387	33	32
(9, 4, 10)	2	0	92533	93267	24	24
(4, 10, 10)	1	0	129036	90270	25	24
(10, 4, 10)	2	0	109493	136538	28	28
(4, 11, 10)	1	0	10134	11573	4	3
(11, 4, 10)	2	0	29053	42062	6	6
(4, 12, 10)	1	0	119489	125546	24	23
(12, 4, 10)	2	0	120699	93627	20	20
(4, 13, 10)	1	0	102962	42990	22	21
(13, 4, 10)	2	0	48268	71377	16	16
(4, 14, 10)	1	0	76055	4512	16	15
(14, 4, 10)	2	0	8271	89736	15	15
(4, 15, 10)	1	0	107037	19964	19	18
(15, 4, 10)	2	0	25998	68658	12	12
(5, 6, 10)	1	0	44839	73527	18	17
(6, 5, 10)	2	0	67488	22747	12	12
(5, 7, 10)	1	0	81985	93789	21	20
(7, 5, 10)	2	0	70156	20122	12	12
(5, 8, 10)	1	0	135276	125620	33	32
(8, 5, 10)	2	0	47920	44879	15	15
(5, 9, 10)	1	0	162604	160423	51	50
(9, 5, 10)	2	0	137406	93839	29	29
(5, 10, 10)	1	0	72436	45739	22	21
(10, 5, 10)	2	0	89658	88660	24	24
(5, 11, 10)	1	0	14818	1317	2	1
(11, 5, 10)	2	0	16750	15078	5	5
(5, 12, 10)	1	0	98883	113138	22	21
(12, 5, 10)	2	0	124796	53178	19	19
(5, 13, 10)	1	0	90699	36695	15	14
(13, 5, 10)	2	0	25113	42839	13	13
(5, 14, 10)	1	0	41099	5350	14	13
(14, 5, 10)	2	0	6476	64294	18	18
(5, 15, 10)	1	0	69613	28371	17	16
(15, 5, 10)	2	0	19525	18747	13	13
(6, 7, 10)	1	0	150237	179847	41	40
(7, 6, 10)	2	0	179770	128098	21	21
(6, 8, 10)	2	0	87316	25053	16	16
(8, 6, 10)	1	0	87602	146828	29	28
(6, 9, 10)	1	0	178416	178778	74	73
(9, 6, 10)	1	0	168195	176825	47	46
(6, 10, 10)	1	0	138702	161730	40	39
(10, 6, 10)	1	0	76682	115036	28	27
(6, 11, 10)	1	0	152825	93369	49	48
(11, 6, 10)	2	0	17218	26	5	5
(6, 12, 10)	2	0	72813	22341	17	17
(12, 6, 10)	1	0	65649	19222	13	12
(6, 13, 10)	1	0	135529	75639	32	31
(13, 6, 10)	2	0	81805	149771	38	38
(6, 14, 10)	1	0	33934	12835	21	20
(14, 6, 10)	2	0	25671	141654	34	34
(6, 15, 10)	2	0	136585	50730	32	32
(15, 6, 10)	2	0	29249	38559	14	14
(7, 8, 10)	2	0	69570	27197	18	18
(8, 7, 10)	2	0	48252	115536	15	15
(7, 9, 10)	2	0	75505	10728	14	14
(9, 7, 10)	1	0	105608	125918	26	25
(7, 10, 10)	2	0	70170	8344	17	17
(10, 7, 10)	1	0	159104	179792	44	43
(7, 11, 10)	1	0	153	1411	2	1
(11, 7, 10)	1	0	26242	60726	18	17
(7, 12, 10)	2	0	179765	149460	33	33
(12, 7, 10)	2	0	143364	107111	26	26
(7, 13, 10)	1	0	92918	47249	19	18
(13, 7, 10)	2	0	39515	79144	29	29
(7, 14, 10)	1	0	91123	10887	21	20
(14, 7, 10)	2	0	5191	120917	16	16
(7, 15, 10)	1	0	138840	55974	27	26
(15, 7, 10)	2	0	19479	89484	12	12
(8, 9, 10)	2	0	79273	59538	23	23
(9, 8, 10)	2	0	137388	109800	29	29
(8, 10, 10)	1	0	88160	72744	37	36
(10, 8, 10)	2	0	120059	99596	33	33
(8, 11, 10)	1	0	6385	1332	2	1
(11, 8, 10)	2	0	16755	21915	5	5
(8, 12, 10)	1	0	109633	140599	29	28
(12, 8, 10)	1	0	82072	52789	12	11
(8, 13, 10)	2	0	94080	40722	19	19
(13, 8, 10)	2	0	65167	89071	27	27
(8, 14, 10)	1	0	73666	11191	23	22
(14, 8, 10)	2	0	7069	45440	24	24
(8, 15, 10)	1	0	99405	57635	27	26
(15, 8, 10)	2	0	23450	37369	11	11
(9, 10, 10)	1	0	122609	139642	36	35
(10, 9, 10)	2	0	94776	76743	24	24
(9, 11, 10)	1	0	4627	1407	2	1
(11, 9, 10)	2	0	16780	34793	5	5
(9, 12, 10)	2	0	76002	104194	22	22
(12, 9, 10)	2	0	160261	128565	38	38
(9, 13, 10)	1	0	49337	27206	14	13
(13, 9, 10)	2	0	25366	41334	13	13
(9, 14, 10)	1	0	96736	7168	19	18
(14, 9, 10)	2	0	8022	64038	20	20
(9, 15, 10)	1	0	62178	28725	14	13
(15, 9, 10)	2	0	18393	37417	14	14
(10, 11, 10)	1	0	7573	1428	2	1
(11, 10, 10)	2	0	22747	9525	5	5
(10, 12, 10)	1	0	95109	139399	30	29
(12, 10, 10)	1	0	154685	156377	44	43
(10, 13, 10)	1	0	159105	84794	51	50
(13, 10, 10)	2	0	38550	130308	48	48
(10, 14, 10)	1	0	173827	42060	50	49
(14, 10, 10)	2	0	5201	43890	21	21
(10, 15, 10)	1	0	43558	34558	21	20
(15, 10, 10)	2	0	65815	63646	28	28
(11, 12, 10)	2	0	22807	11400	5	5
(12, 11, 10)	1	0	526	1365	2	1
(11, 13, 10)	2	0	44612	17002	7	7
(13, 11, 10)	1	0	1178	82	2	1
(11, 14, 10)	2	0	11073	1159	6	6
(14, 11, 10)	1	0	87	1396	2	1
(11, 15, 10)	2	0	4105	6353	2	2
(15, 11, 10)	1	0	5806	1303	2	1
(12, 13, 10)	1	0	139801	34148	26	25
(13, 12, 10)	2	0	39387	67293	17	17
(12, 14, 10)	1	0	55995	12251	13	12
(14, 12, 10)	2	0	4668	60832	19	19
(12, 15, 10)	2	0	65123	21049	14	14
(15, 12, 10)	2	0	24427	32461	12	12
(13, 14, 10)	1	0	42865	15431	38	37
(14, 13, 10)	2	0	7622	29136	18	18
(13, 15, 10)	2	0	35286	64076	29	29
(15, 13, 10)	2	0	22398	18049	14	14
(14, 15, 10)	2	0	7654	27474	24	24
(15, 14, 10)	2	0	32797	3881	13	13
(0, 1, 11)	1	0	84253	24047	24	23
(1, 0, 11)	1	0	34040	93466	33	32
(0, 2, 11)	1	0	32797	91099	21	20
(2, 0, 11)	1	0	52734	8067	13	12
(0, 3, 11)	1	0	66288	117255	27	26
(3, 0, 11)	2	0	120364	81316	24	24
(0, 4, 11)	2	0	62533	127073	23	23
(4, 0, 11)	2	0	108571	34770	21	21
(0, 5, 11)	1	0	145415	151163	42	41
(5, 0, 11)	1	0	103415	30377	18	17
(0, 6, 11)	1	0	145255	152123	27	26
(6, 0, 11)	2	0	75419	16315	11	11
(0, 7, 11)	2	0	40297	61875	19	19
(7, 0, 11)	2	0	47732	16972	23	23
(0, 8, 11)	2	4	83045	32203	6	6
(8, 0, 11)	1	4	68312	49978	13	12
(0, 9, 11)	1	0	42409	130688	24	23
(9, 0, 11)	2	0	144603	124558	29	29
(0, 10, 11)	1	0	176874	149578	35	34
(10, 0, 11)	2	0	28977	14865	8	8
(0, 11, 11)	1	0	31758	104921	18	17
(11, 0, 11)	2	0	58764	25702	16	16
(0, 12, 11)	1	0	22682	62752	10	9
(12, 0, 11)	2	0	129853	33325	21	21
(0, 13, 11)	1	0	16821	21249	16	15
(13, 0, 11)	1	0	11410	14086	10	9
(0, 14, 11)	1	0	28105	17000	16	15
(14, 0, 11)	2	0	23739	28441	12	12
(0, 15, 11)	1	0	32242	65861	17	16
(15, 0, 11)	2	0	85001	45984	22	22
(1, 2, 11)	2	0	22365	64063	16	16
(2, 1, 11)	2	0	72135	14668	17	17
(1, 3, 11)	1	0	26348	125853	30	29
(3, 1, 11)	2	0	119147	25667	26	26
(1, 4, 11)	2	0	48341	128037	26	26
(4, 1, 11)	2	0	103263	36457	30	30
(1, 5, 11)	2	0	100890	144243	40	40
(5, 1, 11)	1	0	101644	28352	25	24
(1, 6, 11)	1	0	52254	167759	37	36
(6, 1, 11)	2	0	126078	16628	17	17
(1, 7, 11)	1	0	14572	32306	21	20
(7, 1, 11)	1	0	12267	13002	11	10
(1, 8, 11)	1	0	8600	32590	16	15
(8, 1, 11)	2	0	125140	44074	30	30
(1, 9, 11)	1	0	19746	142495	27	26
(9, 1, 11)	2	0	105658	9447	19	19
(1, 10, 11)	1	0	23232	150964	42	41
(10, 1, 11)	2	0	42255	11725	13	13
(1, 11, 11)	1	0	11794	68307	18	17
(11, 1, 11)	2	0	47886	10336	14	14
(1, 12, 11)	1	0	3914	55528	7	6
(12, 1, 11)	1	0	79617	6214	12	11
(1, 13, 11)	1	0	11670	40415	25	24
(13, 1, 11)	2	0	31637	8327	15	15
(1, 14, 11)	1	0	5982	22857	15	14
(14, 1, 11)	2	0	21152	6866	11	11
(1, 15, 11)	1	0	6049	32907	16	15
(15, 1, 11)	2	0	86021	21390	29	29
(2, 3, 11)	2	0	46687	74265	15	15
(3, 2, 11)	2	0	77743	65525	20	20
(2, 4, 11)	1	0	53370	68278	15	14
(4, 2, 11)	2	0	96044	60208	23	23
(2, 5, 11)	2	0	54883	38769	22	22
(5, 2, 11)	1	0	82736	78086	21	20
(2, 6, 11)	2	0	92034	150249	24	24
(6, 2, 11)	2	0	134387	99744	26	26
(2, 7, 11)	2	0	47170	7227	15	15
(7, 2, 11)	2	0	43948	73178	29	29
(2, 8, 11)	2	0	131157	130594	36	36
(8, 2, 11)	2	0	22304	29554	10	10
(2, 9, 11)	1	0	149806	170955	51	50
(9, 2, 11)	1	0	145275	117632	29	28
(2, 10, 11)	1	0	55316	28591	15	14
(10, 2, 11)	2	0	19527	36180	10	10
(2, 11, 11)	1	0	55410	93812	16	15
(11, 2, 11)	1	0	96714	57408	21	20
(2, 12, 11)	1	0	51509	89709	11	10
(12, 2, 11)	1	0	87030	50950	15	14
(2, 13, 11)	1	0	47698	5139	16	15
(13, 2, 11)	2	0	11506	18525	8	8
(2, 14, 11)	1	0	102533	41308	27	26
(14, 2, 11)	2	0	20260	44806	13	13
(2, 15, 11)	1	0	58578	50817	17	16
(15, 2, 11)	2	0	61140	72039	26	26
(3, 4, 11)	2	0	100565	127402	21	21
(4, 3, 11)	2	0	106086	101039	24	24
(3, 5, 11)	2	0	102735	97081	22	22
(5, 3, 11)	1	0	30676	66009	12	11
(3, 6, 11)	1	0	115331	153987	28	27
(6, 3, 11)	1	0	168635	156789	48	47
(3, 7, 11)	1	0	94993	34570	19	18
(7, 3, 11)	2	0	117734	99506	27	27
(3, 8, 11)	1	0	76519	33922	11	10
(8, 3, 11)	2	0	58089	95564	16	16
(3, 9, 11)	1	0	80457	107307	17	16
(9, 3, 11)	2	0	100841	88762	17	17
(3, 10, 11)	1	0	80759	39100	15	14
(10, 3, 11)	2	0	21151	36805	8	8
(3, 11, 11)	1	0	68433	79680	19	18
(11, 3, 11)	1	0	108559	61404	14	13
(3, 12, 11)	1	0	78106	88516	14	13
(12, 3, 11)	2	0	131685	99867	23	23
(3, 13, 11)	1	0	70549	17661	17	16
(13, 3, 11)	2	0	21004	67442	13	13
(3, 14, 11)	1	0	94822	29811	29	28
(14, 3, 11)	2	0	20873	94442	16	16
(3, 15, 11)	2	0	92730	34111	20	20
(15, 3, 11)	1	0	24866	60788	17	16
(4, 5, 11)	2	0	78265	46736	17	17
(5, 4, 11)	1	0	115533	121654	21	20
(4, 6, 11)	1	0	133796	140614	20	19
(6, 4, 11)	2	0	117561	118915	18	18
(4, 7, 11)	2	0	84184	87226	24	24
(7, 4, 11)	2	0	65663	115051	19	19
(4, 8, 11)	1	0	57510	16905	10	9
(8, 4, 11)	1	0	22106	78117	18	17
(4, 9, 11)	2	0	130346	137525	31	31
(9, 4, 11)	1	0	67210	63900	16	15
(4, 10, 11)	1	0	103613	38600	15	14
(10, 4, 11)	2	0	28964	50472	8	8
(4, 11, 11)	1	0	96941	46775	19	18
(11, 4, 11)	1	0	70003	88904	23	22
(4, 12, 11)	2	0	58310	74900	17	17
(12, 4, 11)	2	0	112039	104776	14	14
(4, 13, 11)	1	0	83706	19694	15	14
(13, 4, 11)	2	0	42057	103396	26	26
(4, 14, 11)	2	0	129810	59148	25	25
(14, 4, 11)	2	0	19197	101556	14	14
(4, 15, 11)	1	0	87099	35819	15	14
(15, 4, 11)	2	0	62120	98588	20	20
(5, 6, 11)	1	0	62792	114257	20	19
(6, 5, 11)	2	0	54201	45037	11	11
(5, 7, 11)	1	0	43497	10717	13	12
(7, 5, 11)	2	0	8431	21706	10	10
(5, 8, 11)	1	0	49321	37853	12	11
(8, 5, 11)	2	0	22356	20323	9	9
(5, 9, 11)	1	0	82170	119007	20	19
(9, 5, 11)	2	0	88507	62372	14	14
(5, 10, 11)	1	0	57274	58613	15	14
(10, 5, 11)	2	0	18197	15659	9	9
(5, 11, 11)	1	0	76236	29187	21	20
(11, 5, 11)	2	0	83825	22649	17	17
(5, 12, 11)	1	0	49445	89774	11	10
(12, 5, 11)	2	0	134216	64524	21	21
(5, 13, 11)	1	0	55939	10823	12	11
(13, 5, 11)	2	0	11426	25963	8	8
(5, 14, 11)	1	0	39828	16223	11	10
(14, 5, 11)	2	0	16548	62202	13	13
(5, 15, 11)	1	0	55301	36383	14	13
(15, 5, 11)	2	0	39031	25866	13	13
(6, 7, 11)	1	0	163124	179792	38	37
(7, 6, 11)	2	0	119565	125921	27	27
(6, 8, 11)	2	0	86717	13328	15	15
(8, 6, 11)	1	0	64098	147334	23	22
(6, 9, 11)	1	0	158875	152249	39	38
(9, 6, 11)	2	0	174035	178019	53	53
(6, 10, 11)	1	0	123445	134196	26	25
(10, 6, 11)	1	0	131964	131614	27	26
(6, 11, 11)	1	0	146141	172586	42	41
(11, 6, 11)	1	0	57899	76749	12	11
(6, 12, 11)	1	0	87083	135134	22	21
(12, 6, 11)	2	0	166535	154583	38	38
(6, 13, 11)	1	0	15647	8090	13	12
(13, 6, 11)	2	0	103173	131068	28	28
(6, 14, 11)	1	0	102032	16006	14	13
(14, 6, 11)	2	0	48251	140334	33	33
(6, 15, 11)	2	0	98254	13505	17	17
(15, 6, 11)	2	0	58647	88824	15	15
(7, 8, 11)	2	0	41223	83995	23	23
(8, 7, 11)	1	0	139734	179797	33	32
(7, 9, 11)	1	0	51619	98419	27	26
(9, 7, 11)	1	0	111976	51401	22	21
(7, 10, 11)	2	0	178169	173307	43	43
(10, 7, 11)	2	0	23843	25220	12	12
(7, 11, 11)	1	0	15477	62389	15	14
(11, 7, 11)	2	0	37444	27808	15	15
(7, 12, 11)	1	0	14924	94008	16	15
(12, 7, 11)	2	0	139137	133060	21	21
(7, 13, 11)	1	0	7432	9275	9	8
(13, 7, 11)	2	0	11643	3173	8	8
(7, 14, 11)	1	0	54400	27119	20	19
(14, 7, 11)	2	0	16997	21839	14	14
(7, 15, 11)	1	0	99568	68010	18	17
(15, 7, 11)	1	0	12967	3792	10	9
(8, 9, 11)	2	0	27317	46257	13	13
(9, 8, 11)	2	0	151558	89133	31	31
(8, 10, 11)	1	0	43889	71526	17	16
(10, 8, 11)	1	0	91019	67873	20	19
(8, 11, 11)	2	0	117710	98759	30	30
(11, 8, 11)	2	0	87031	122297	41	41
(8, 12, 11)	1	0	55381	105056	16	15
(12, 8, 11)	1	0	103953	59373	16	15
(8, 13, 11)	1	0	16782	6755	15	14
(13, 8, 11)	2	0	45444	80666	30	30
(8, 14, 11)	1	0	63271	40279	19	18
(14, 8, 11)	1	0	43613	140558	30	29
(8, 15, 11)	1	0	105176	95784	34	33
(15, 8, 11)	2	0	46339	63089	19	19
(9, 10, 11)	1	0	100766	124659	24	23
(10, 9, 11)	1	0	162797	168168	43	42
(9, 11, 11)	1	0	94029	105805	23	22
(11, 9, 11)	2	0	143768	118176	28	28
(9, 12, 11)	1	0	105298	141732	22	21
(12, 9, 11)	2	0	72758	69223	10	10
(9, 13, 11)	1	0	42438	9025	9	8
(13, 9, 11)	2	0	8644	28364	10	10
(9, 14, 11)	1	0	112369	26657	19	18
(14, 9, 11)	2	0	22122	68397	14	14
(9, 15, 11)	2	0	90290	53102	30	30
(15, 9, 11)	2	0	88151	97924	21	21
(10, 11, 11)	2	4	63244	57240	14	14
(11, 10, 11)	1	0	140602	176717	55	54
(10, 12, 11)	1	0	139040	165231	43	42
(12, 10, 11)	1	0	168093	174457	48	47
(10, 13, 11)	1	0	34117	21735	19	18
(13, 10, 11)	1	0	27619	82386	23	22
(10, 14, 11)	1	0	54285	32822	24	23
(14, 10, 11)	2	0	23516	62823	15	15
(10, 15, 11)	2	0	17874	14068	13	13
(15, 10, 11)	2	0	62761	63389	15	15
(11, 12, 11)	2	0	44358	98862	22	22
(12, 11, 11)	1	0	73444	111025	14	13
(11, 13, 11)	1	0	46480	13702	18	17
(13, 11, 11)	2	0	11396	35951	13	13
(11, 14, 11)	1	0	66168	16754	14	13
(14, 11, 11)	2	0	21484	55489	13	13
(11, 15, 11)	1	0	33494	34068	12	11
(15, 11, 11)	2	0	103123	158770	28	28
(12, 13, 11)	2	0	50341	5063	8	8
(13, 12, 11)	2	0	38045	96861	17	17
(12, 14, 11)	1	0	63138	27988	14	13
(14, 12, 11)	2	0	34401	96633	17	17
(12, 15, 11)	1	0	62099	35390	11	10
(15, 12, 11)	2	0	89877	98101	20	20
(13, 14, 11)	2	0	71059	36893	24	24
(14, 13, 11)	1	0	85771	58967	52	51
(13, 15, 11)	1	0	60591	58045	18	17
(15, 13, 11)	1	0	13031	6061	10	9
(14, 15, 11)	2	0	27657	37262	18	18
(15, 14, 11)	1	0	25471	13483	10	9
