                 1#E 3#J 2#S 0#P 5#M 6#Q 4#D 12# 9#I 8#N 11# 7#P 13# 10# 15#
1#EULRING            999 999 999 999 999 999 9991000100010001000100010001000
3#JUDE             0     727 900 999 999 999 999 999100010001000100010001000
2#SPARKLE          0 272     751 998 999 999 999 999 999 9991000100010001000
0#PECUCHET         0  99 248     991 999 999 999 999 999 999 999100010001000
5#MONKEY           0   0   1   8     835 899 915 999 999 999 999 99910001000
6#QMENTAT6         0   0   0   0 164     617 656 986 999 999 999 99910001000
4#DJALL18          0   0   0   0 100 382     542 973 999 999 999 99910001000
12#PUREGM20        0   0   0   0  84 343 457     963 999 999 999 99910001000
9#IMRO15           0   0   0   0   0  13  26  36     975 992 996 999 9991000
8#NOESIS           0   0   0   0   0   0   0   0  24     669 762 999 999 999
11#FASTGOMOKU14    0   0   0   0   0   0   0   0   7 330     611 998 999 999
7#PUSKVOREC        0   0   0   0   0   0   0   0   3 237 388     996 999 999
13#PISQ7           0   0   0   0   0   0   0   0   0   0   1   3     962 999
10#LICHT           0   0   0   0   0   0   0   0   0   0   0   0  37     958
15#LIGHTBLUE       0   0   0   0   0   0   0   0   0   0   0   0   0  41    
