                    0#E 1#Y 10# 8#A 16# 3#R 2#W 5#T 4#S 6#H 7#D 9#G 11# 14# 12# 13#
0#EMBRYO20.S            999 999 999100010001000100010001000100010001000100010001000
1#YIXIN18             0     928 935 99910001000100010001000100010001000100010001000
10#PENTAZEN20.15      0  71     525 999 999 999 999 9991000100010001000100010001000
8#ALPHAGOMOKU.MK20    0  64 474     999 999 999 999 9991000100010001000100010001000
16#XOXO20.S           0   0   0   0     994 996 999 999 999 99910001000100010001000
3#RENJUSOLVER.S       0   0   0   0   5     567 842 896 986 99910001000100010001000
2#WHOSE19             0   0   0   0   3 432     796 863 978 99910001000100010001000
5#TITO14              0   0   0   0   0 157 203     604 885 995 9991000100010001000
4#SLOWRENJU20         0   0   0   0   0 103 136 395     826 991 9991000100010001000
6#HEWER18             0   0   0   0   0  13  21 114 173     927 9991000100010001000
7#DEEPFIRE19          0   0   0   0   0   0   0   4   8  72     999 999100010001000
9#GOFIVE              0   0   0   0   0   0   0   0   0   0   0     959 999 999 999
11#CARBON17           0   0   0   0   0   0   0   0   0   0   0  40     999 999 999
14#ZETOR17            0   0   0   0   0   0   0   0   0   0   0   0   0     689 778
12#GMOTOR11           0   0   0   0   0   0   0   0   0   0   0   0   0 310     608
13#PELA17             0   0   0   0   0   0   0   0   0   0   0   0   0 221 391    
