                    0#E 1#R 2#Y 12# 4#A 8#X 5#W 3#S 9#R 6#S 7#H 13# 11# 10# 15# 14#
0#EMBRYO20.F            963 999 999 99910001000100010001000100010001000100010001000
1#RAPFI19            36     999 999 99910001000100010001000100010001000100010001000
2#YIXIN18             0   0     999 999 9991000100010001000100010001000100010001000
12#PENTAZEN20.20      0   0   0     500 991 999 999 999 999 99910001000100010001000
4#ALPHAGOMOKU.MK20    0   0   0 499     991 999 999 999 999 99910001000100010001000
8#XOXO20.F            0   0   0   8   8     999 999 999 999 999 999 999100010001000
5#WINE18              0   0   0   0   0   0     500 836 963 986 999 999 999 999 999
3#STARDUST            0   0   0   0   0   0 499     836 963 986 999 999 999 999 999
9#RENJUSOLVER.F       0   0   0   0   0   0 163 163     793 889 996 999 999 999 999
6#SLOWRENJU20         0   0   0   0   0   0  36  36 206     658 970 998 999 999 999
7#HEWER18             0   0   0   0   0   0  13  13 110 341     931 993 998 999 999
13#TITO14             0   0   0   0   0   0   0   0   3  29  68     842 934 992 999
11#WHOSE19            0   0   0   0   0   0   0   0   0   1   6 157     694 927 999
10#DEEPFIRE19         0   0   0   0   0   0   0   0   0   0   1  65 305     828 999
15#SWINE17            0   0   0   0   0   0   0   0   0   0   0   7  72 171     987
14#GOFIVE             0   0   0   0   0   0   0   0   0   0   0   0   0   0  12    
