(0, 1, 0)	1	0	517339	802393	43	42
(1, 0, 0)	2	0	850425	493791	32	32
(0, 2, 0)	1	0	341861	524251	34	33
(2, 0, 0)	1	0	394781	543443	32	31
(0, 3, 0)	1	0	172138	609650	21	20
(3, 0, 0)	2	0	98939	25918	10	10
(0, 4, 0)	1	0	420809	719467	35	34
(4, 0, 0)	2	0	689374	397032	25	25
(0, 5, 0)	1	0	360806	813460	36	35
(5, 0, 0)	2	0	160366	53048	11	11
(0, 6, 0)	1	0	169791	444489	20	19
(6, 0, 0)	2	0	676062	253547	24	24
(0, 7, 0)	1	0	347604	525995	36	35
(7, 0, 0)	2	0	193386	80395	18	18
(0, 8, 0)	1	0	245714	415344	27	26
(8, 0, 0)	2	0	276465	159659	18	18
(0, 9, 0)	1	0	108194	124735	13	12
(9, 0, 0)	2	0	232840	144319	20	20
(0, 10, 0)	1	0	188352	833506	26	25
(10, 0, 0)	2	0	604003	165483	22	22
(0, 11, 0)	1	0	148464	161646	17	16
(11, 0, 0)	2	0	253649	135411	20	20
(0, 12, 0)	1	0	241866	729420	26	25
(12, 0, 0)	2	0	683451	214419	30	30
(0, 13, 0)	1	0	60561	29833	16	15
(13, 0, 0)	2	0	34705	72420	13	13
(0, 14, 0)	1	0	161477	509324	21	20
(14, 0, 0)	2	0	419773	84084	18	18
(0, 15, 0)	1	0	260650	462635	22	21
(15, 0, 0)	2	0	273045	161207	21	21
(1, 2, 0)	2	0	913296	443656	43	43
(2, 1, 0)	1	0	94911	254616	16	15
(1, 3, 0)	1	0	589218	595469	22	21
(3, 1, 0)	2	0	98632	32052	10	10
(1, 4, 0)	1	0	380462	484509	21	20
(4, 1, 0)	2	0	838415	892032	44	44
(1, 5, 0)	1	0	183645	252626	15	14
(5, 1, 0)	2	0	178304	61105	10	10
(1, 6, 0)	1	0	334619	336180	20	19
(6, 1, 0)	2	0	612778	394483	21	21
(1, 7, 0)	1	0	484976	530301	35	34
(7, 1, 0)	2	0	298161	238792	21	21
(1, 8, 0)	1	0	579534	498574	27	26
(8, 1, 0)	2	0	199934	71356	19	19
(1, 9, 0)	2	0	957510	554021	62	62
(9, 1, 0)	2	0	272587	277024	24	24
(1, 10, 0)	1	0	251906	564718	19	18
(10, 1, 0)	2	0	766240	313290	22	22
(1, 11, 0)	1	0	169023	128067	17	16
(11, 1, 0)	2	0	357270	300523	28	28
(1, 12, 0)	1	0	460346	552585	22	21
(12, 1, 0)	2	0	761484	504293	42	42
(1, 13, 0)	1	0	166861	34069	17	16
(13, 1, 0)	2	0	278233	604602	36	36
(1, 14, 0)	1	0	348358	584694	23	22
(14, 1, 0)	2	0	489348	221182	20	20
(1, 15, 0)	1	0	164670	229183	15	14
(15, 1, 0)	2	0	306582	213021	15	15
(2, 3, 0)	1	0	430211	408232	25	24
(3, 2, 0)	2	0	96767	16708	10	10
(2, 4, 0)	2	0	888547	922572	64	64
(4, 2, 0)	1	0	689500	386521	25	24
(2, 5, 0)	1	0	389781	632627	23	22
(5, 2, 0)	2	0	179047	81425	13	13
(2, 6, 0)	1	0	466958	504654	27	26
(6, 2, 0)	2	0	875735	550006	40	40
(2, 7, 0)	2	0	522128	451184	30	30
(7, 2, 0)	2	0	513110	529822	35	35
(2, 8, 0)	1	0	589850	671949	45	44
(8, 2, 0)	2	0	114224	87832	16	16
(2, 9, 0)	1	0	300325	254163	21	20
(9, 2, 0)	2	0	222819	308683	20	20
(2, 10, 0)	1	0	94706	357677	18	17
(10, 2, 0)	2	0	817564	350910	30	30
(2, 11, 0)	1	0	490306	250329	29	28
(11, 2, 0)	2	0	259650	150701	20	20
(2, 12, 0)	1	0	95029	127001	12	11
(12, 2, 0)	2	0	760419	325184	31	31
(2, 13, 0)	1	0	83504	29025	15	14
(13, 2, 0)	2	0	30093	231829	17	17
(2, 14, 0)	1	0	165018	609089	20	19
(14, 2, 0)	2	0	454979	368445	23	23
(2, 15, 0)	1	0	377167	324463	21	20
(15, 2, 0)	1	0	277307	268718	17	16
(3, 4, 0)	2	0	110127	334966	9	9
(4, 3, 0)	1	0	429146	352144	13	12
(3, 5, 0)	2	0	95604	41732	10	10
(5, 3, 0)	2	0	551556	216041	18	18
(3, 6, 0)	2	0	96422	48308	10	10
(6, 3, 0)	2	0	717065	479007	30	30
(3, 7, 0)	2	0	93834	43923	10	10
(7, 3, 0)	2	0	362306	433559	24	24
(3, 8, 0)	2	0	118854	21962	8	8
(8, 3, 0)	1	0	108815	172523	13	12
(3, 9, 0)	2	0	95331	17367	10	10
(9, 3, 0)	2	0	243445	279427	19	19
(3, 10, 0)	2	0	103257	67912	8	8
(10, 3, 0)	2	0	884733	444448	33	33
(3, 11, 0)	2	0	95434	17379	10	10
(11, 3, 0)	1	4	324048	409872	17	16
(3, 12, 0)	2	0	107335	12935	10	10
(12, 3, 0)	2	0	906826	873240	46	46
(3, 13, 0)	2	0	106567	9501	10	10
(13, 3, 0)	2	0	77460	82873	12	12
(3, 14, 0)	2	0	110631	116412	10	10
(14, 3, 0)	2	0	536731	290473	24	24
(3, 15, 0)	2	0	96695	62985	10	10
(15, 3, 0)	2	0	728449	878893	40	40
(4, 5, 0)	1	0	619780	571972	22	21
(5, 4, 0)	2	0	156876	399334	13	13
(4, 6, 0)	1	0	484369	456896	16	15
(6, 4, 0)	2	0	577405	599844	26	26
(4, 7, 0)	1	0	656385	439740	27	26
(7, 4, 0)	2	0	289910	704880	31	31
(4, 8, 0)	1	0	579361	299627	23	22
(8, 4, 0)	1	0	109373	334993	14	13
(4, 9, 0)	1	0	484307	178366	15	14
(9, 4, 0)	2	0	255545	689496	24	24
(4, 10, 0)	1	0	457457	623479	20	19
(10, 4, 0)	2	0	847265	689476	26	26
(4, 11, 0)	1	0	457403	143822	16	15
(11, 4, 0)	2	0	288688	619766	24	24
(4, 12, 0)	1	0	600011	490128	22	21
(12, 4, 0)	2	0	788801	719143	32	32
(4, 13, 0)	1	0	719215	162501	35	34
(13, 4, 0)	2	0	64362	599941	28	28
(4, 14, 0)	1	0	367798	426432	12	11
(14, 4, 0)	2	0	463692	557238	22	22
(4, 15, 0)	1	0	656363	426528	26	25
(15, 4, 0)	2	0	658405	758542	30	30
(5, 6, 0)	2	0	194461	135401	11	11
(6, 5, 0)	1	0	152620	300739	12	11
(5, 7, 0)	2	0	154279	71081	11	11
(7, 5, 0)	2	0	419764	835624	31	31
(5, 8, 0)	2	0	170488	73324	11	11
(8, 5, 0)	1	0	174894	359508	18	17
(5, 9, 0)	1	0	750843	332248	28	27
(9, 5, 0)	2	0	278642	763476	21	21
(5, 10, 0)	1	0	318621	458837	19	18
(10, 5, 0)	2	0	985089	888163	57	57
(5, 11, 0)	2	0	159872	107559	12	12
(11, 5, 0)	2	0	308721	650555	29	29
(5, 12, 0)	2	0	581874	255470	22	22
(12, 5, 0)	1	0	736624	786763	28	27
(5, 13, 0)	1	0	830287	281733	33	32
(13, 5, 0)	1	0	83133	348310	18	17
(5, 14, 0)	1	0	585708	583625	22	21
(14, 5, 0)	2	0	407086	281923	13	13
(5, 15, 0)	1	0	492607	353568	21	20
(15, 5, 0)	2	0	576803	659545	24	24
(6, 7, 0)	2	0	656114	369399	23	23
(7, 6, 0)	1	0	202571	256028	13	12
(6, 8, 0)	2	0	778061	475675	27	27
(8, 6, 0)	1	0	109003	290368	15	14
(6, 9, 0)	2	0	752555	343751	32	32
(9, 6, 0)	2	0	222468	426013	21	21
(6, 10, 0)	1	0	451760	474993	17	16
(10, 6, 0)	1	0	849339	706975	26	25
(6, 11, 0)	2	0	659823	226685	21	21
(11, 6, 0)	1	0	113494	370359	16	15
(6, 12, 0)	2	0	792423	808827	40	40
(12, 6, 0)	1	0	784308	523618	27	26
(6, 13, 0)	2	0	670416	156218	29	29
(13, 6, 0)	2	0	68690	434287	30	30
(6, 14, 0)	2	0	384058	331120	17	17
(14, 6, 0)	2	0	486168	414585	22	22
(6, 15, 0)	2	0	415548	188232	16	16
(15, 6, 0)	1	0	243337	437658	12	11
(7, 8, 0)	2	0	201893	180594	17	17
(8, 7, 0)	2	0	132281	101382	19	19
(7, 9, 0)	1	0	187815	219391	22	21
(9, 7, 0)	2	0	259835	398999	28	28
(7, 10, 0)	1	0	305155	654989	26	25
(10, 7, 0)	2	0	719307	287599	22	22
(7, 11, 0)	2	0	377726	313747	26	26
(11, 7, 0)	2	0	667404	766242	61	61
(7, 12, 0)	1	0	289023	363402	22	21
(12, 7, 0)	2	0	741788	326545	25	25
(7, 13, 0)	1	0	420800	108255	30	29
(13, 7, 0)	2	0	996176	567957	45	45
(7, 14, 0)	2	0	454692	706421	37	37
(14, 7, 0)	2	0	558578	307938	23	23
(7, 15, 0)	2	0	231065	226704	13	13
(15, 7, 0)	2	0	449318	276988	21	21
(8, 9, 0)	1	0	30680	85675	11	10
(9, 8, 0)	2	0	299277	503770	29	29
(8, 10, 0)	1	0	157633	373595	18	17
(10, 8, 0)	1	0	787154	371427	28	27
(8, 11, 0)	2	0	173939	98394	11	11
(11, 8, 0)	2	0	250885	302785	20	20
(8, 12, 0)	2	0	110078	104808	16	16
(12, 8, 0)	1	0	470336	288287	25	24
(8, 13, 0)	1	0	196170	38704	19	18
(13, 8, 0)	2	0	64588	100349	17	17
(8, 14, 0)	1	0	221575	379206	12	11
(14, 8, 0)	2	0	568480	336863	14	14
(8, 15, 0)	1	0	164022	304416	17	16
(15, 8, 0)	2	0	581707	488957	24	24
(9, 10, 0)	2	0	231317	583986	19	19
(10, 9, 0)	2	0	996900	665605	71	71
(9, 11, 0)	2	0	307965	377916	33	33
(11, 9, 0)	2	0	436476	310478	34	34
(9, 12, 0)	2	0	264355	418429	23	23
(12, 9, 0)	1	0	254228	168105	18	17
(9, 13, 0)	1	0	181338	81030	20	19
(13, 9, 0)	2	0	38658	42685	12	12
(9, 14, 0)	1	0	230648	616247	24	23
(14, 9, 0)	2	0	407452	44201	15	15
(9, 15, 0)	1	0	183437	392837	20	19
(15, 9, 0)	1	0	178635	123264	13	12
(10, 11, 0)	1	0	873409	429595	33	32
(11, 10, 0)	1	0	66653	180818	11	10
(10, 12, 0)	2	0	857905	679007	35	35
(12, 10, 0)	1	0	350668	399201	18	17
(10, 13, 0)	1	0	540267	27755	13	12
(13, 10, 0)	1	0	346925	872271	32	31
(10, 14, 0)	2	0	816481	693589	32	32
(14, 10, 0)	2	0	542642	469146	15	15
(10, 15, 0)	1	0	681037	322091	20	19
(15, 10, 0)	2	0	363015	518948	17	17
(11, 12, 0)	2	0	258863	322059	22	22
(12, 11, 0)	1	0	509735	267948	27	26
(11, 13, 0)	1	0	87280	45148	7	6
(13, 11, 0)	1	0	55424	98249	14	13
(11, 14, 0)	1	0	137911	430847	19	18
(14, 11, 0)	1	0	590432	311512	38	37
(11, 15, 0)	1	0	424801	685545	40	39
(15, 11, 0)	2	0	677834	327518	32	32
(12, 13, 0)	1	0	347122	50166	17	16
(13, 12, 0)	2	0	320402	667564	23	23
(12, 14, 0)	1	0	540623	665975	29	28
(14, 12, 0)	2	0	485390	251148	18	18
(12, 15, 0)	2	0	984913	874465	78	78
(15, 12, 0)	2	0	332807	219614	12	12
(13, 14, 0)	2	0	350545	787323	47	47
(14, 13, 0)	2	0	664577	164868	27	27
(13, 15, 0)	1	0	120055	538762	25	24
(15, 13, 0)	2	0	517553	91683	21	21
(14, 15, 0)	2	0	660771	341608	32	32
(15, 14, 0)	1	0	417770	582584	20	19
(0, 1, 1)	1	0	271167	517124	26	25
(1, 0, 1)	1	0	740878	744469	41	40
(0, 2, 1)	1	0	296590	540971	25	24
(2, 0, 1)	1	0	786023	664845	42	41
(0, 3, 1)	1	0	156269	179494	21	20
(3, 0, 1)	2	0	300058	254982	17	17
(0, 4, 1)	1	0	114688	484283	20	19
(4, 0, 1)	1	0	830127	757494	41	40
(0, 5, 1)	1	0	154809	543770	28	27
(5, 0, 1)	2	0	560629	175198	18	18
(0, 6, 1)	1	0	152197	563685	19	18
(6, 0, 1)	1	0	899616	802177	53	52
(0, 7, 1)	1	0	175239	144937	16	15
(7, 0, 1)	2	0	390975	197096	25	25
(0, 8, 1)	1	0	300351	546809	32	31
(8, 0, 1)	2	0	395015	248895	27	27
(0, 9, 1)	1	0	61164	94433	12	11
(9, 0, 1)	2	0	228025	267542	17	17
(0, 10, 1)	1	0	186760	701027	24	23
(10, 0, 1)	2	0	813709	252108	31	31
(0, 11, 1)	1	0	183220	259256	25	24
(11, 0, 1)	2	0	282725	221549	25	25
(0, 12, 1)	1	0	175619	646742	23	22
(12, 0, 1)	2	0	829805	306852	35	35
(0, 13, 1)	1	0	183563	120874	25	24
(13, 0, 1)	2	0	242008	482788	32	32
(0, 14, 1)	1	0	76668	356794	12	11
(14, 0, 1)	2	0	766041	335669	26	26
(0, 15, 1)	1	0	115619	261798	16	15
(15, 0, 1)	2	0	358751	200496	21	21
(1, 2, 1)	1	0	950263	975033	93	92
(2, 1, 1)	2	0	689006	718665	42	42
(1, 3, 1)	1	0	259610	169717	19	18
(3, 1, 1)	1	0	954965	729785	51	50
(1, 4, 1)	1	0	185319	367929	16	15
(4, 1, 1)	2	0	399369	206463	12	12
(1, 5, 1)	1	0	326893	608467	25	24
(5, 1, 1)	2	0	544147	181632	21	21
(1, 6, 1)	1	0	142398	318279	18	17
(6, 1, 1)	2	0	681078	641923	33	33
(1, 7, 1)	1	0	314586	371591	31	30
(7, 1, 1)	2	0	407381	442174	28	28
(1, 8, 1)	1	0	528002	483932	27	26
(8, 1, 1)	2	0	589419	797861	34	34
(1, 9, 1)	1	0	127257	111193	14	13
(9, 1, 1)	2	0	245229	407698	22	22
(1, 10, 1)	1	0	183429	420917	19	18
(10, 1, 1)	2	0	827732	522101	33	33
(1, 11, 1)	1	0	188194	177616	18	17
(11, 1, 1)	2	0	323732	535593	26	26
(1, 12, 1)	1	0	149128	312212	19	18
(12, 1, 1)	2	0	679299	302416	30	30
(1, 13, 1)	1	0	127914	67052	17	16
(13, 1, 1)	2	0	289621	443218	31	31
(1, 14, 1)	1	0	183510	428168	17	16
(14, 1, 1)	2	0	880019	626048	35	35
(1, 15, 1)	1	0	140339	228541	12	11
(15, 1, 1)	1	0	367830	271799	25	24
(2, 3, 1)	1	0	387188	328942	21	20
(3, 2, 1)	2	0	880352	646205	43	43
(2, 4, 1)	1	0	262864	579200	24	23
(4, 2, 1)	2	0	914798	889905	61	61
(2, 5, 1)	1	0	148244	393160	26	25
(5, 2, 1)	2	0	737021	401872	29	29
(2, 6, 1)	1	0	290251	577430	24	23
(6, 2, 1)	2	0	583691	492235	27	27
(2, 7, 1)	1	0	249399	433034	27	26
(7, 2, 1)	2	0	560394	568021	35	35
(2, 8, 1)	1	0	414224	520167	31	30
(8, 2, 1)	2	0	426646	316426	27	27
(2, 9, 1)	1	0	122220	55831	8	7
(9, 2, 1)	2	0	402028	435540	32	32
(2, 10, 1)	1	0	213019	501598	17	16
(10, 2, 1)	2	0	734157	179350	29	29
(2, 11, 1)	1	0	314067	319511	28	27
(11, 2, 1)	2	0	345913	278317	26	26
(2, 12, 1)	1	0	433664	734753	37	36
(12, 2, 1)	1	0	340098	140005	20	19
(2, 13, 1)	1	0	213011	104356	17	16
(13, 2, 1)	2	0	372027	437514	40	40
(2, 14, 1)	1	0	148598	415972	19	18
(14, 2, 1)	2	0	728667	271097	35	35
(2, 15, 1)	1	0	115249	273514	14	13
(15, 2, 1)	1	0	355507	211344	19	18
(3, 4, 1)	1	0	233840	510010	22	21
(4, 3, 1)	2	0	944624	988685	66	66
(3, 5, 1)	2	0	271821	555107	20	20
(5, 3, 1)	1	0	587158	166782	17	16
(3, 6, 1)	2	0	218118	417480	17	17
(6, 3, 1)	2	0	810999	745023	34	34
(3, 7, 1)	1	0	362771	348498	26	25
(7, 3, 1)	2	0	515185	747678	36	36
(3, 8, 1)	1	0	94109	104220	15	14
(8, 3, 1)	2	0	770628	868758	44	44
(3, 9, 1)	2	4	347654	232962	14	14
(9, 3, 1)	2	0	657484	978580	57	57
(3, 10, 1)	1	0	275903	676372	23	22
(10, 3, 1)	2	0	942189	735787	39	39
(3, 11, 1)	1	0	234315	209251	19	18
(11, 3, 1)	2	0	556979	821798	38	38
(3, 12, 1)	2	4	395365	734843	24	24
(12, 3, 1)	2	0	816745	467280	32	32
(3, 13, 1)	2	0	146527	47747	14	14
(13, 3, 1)	2	0	224094	165014	27	27
(3, 14, 1)	1	0	88584	339007	18	17
(14, 3, 1)	2	0	945136	917226	49	49
(3, 15, 1)	1	0	230258	244578	19	18
(15, 3, 1)	1	0	207297	59019	11	10
(4, 5, 1)	1	0	719111	678483	29	28
(5, 4, 1)	2	0	481221	484279	17	17
(4, 6, 1)	1	0	599987	551637	21	20
(6, 4, 1)	2	0	787803	758475	33	33
(4, 7, 1)	1	0	600129	228408	23	22
(7, 4, 1)	2	0	385677	704764	33	33
(4, 8, 1)	1	0	746117	570430	36	35
(8, 4, 1)	1	0	197437	484285	16	15
(4, 9, 1)	1	0	579075	195010	18	17
(9, 4, 1)	1	0	72192	399236	16	15
(4, 10, 1)	1	0	484341	454592	18	17
(10, 4, 1)	1	0	678242	557187	24	23
(4, 11, 1)	1	0	534271	205651	18	17
(11, 4, 1)	2	0	620580	860689	50	50
(4, 12, 1)	1	0	732976	665930	35	34
(12, 4, 1)	1	0	285633	263861	14	13
(4, 13, 1)	1	0	484361	81533	17	16
(13, 4, 1)	2	0	662218	746237	37	37
(4, 14, 1)	1	0	399288	449764	13	12
(14, 4, 1)	2	0	929390	758800	40	40
(4, 15, 1)	1	0	619571	464927	23	22
(15, 4, 1)	1	0	259748	300264	15	14
(5, 6, 1)	1	0	397973	477158	23	22
(6, 5, 1)	1	0	617918	685488	24	23
(5, 7, 1)	2	0	622305	340461	27	27
(7, 5, 1)	1	0	371078	741709	29	28
(5, 8, 1)	2	0	512806	314291	18	18
(8, 5, 1)	2	0	772699	960962	52	52
(5, 9, 1)	1	0	155472	55902	12	11
(9, 5, 1)	1	0	244893	791061	25	24
(5, 10, 1)	1	0	548355	679640	26	25
(10, 5, 1)	2	0	954939	812137	39	39
(5, 11, 1)	2	0	497154	204434	17	17
(11, 5, 1)	2	0	390898	619156	31	31
(5, 12, 1)	2	0	536301	550451	20	20
(12, 5, 1)	1	0	249555	226572	15	14
(5, 13, 1)	1	0	830507	449016	32	31
(13, 5, 1)	2	0	190085	547536	29	29
(5, 14, 1)	1	0	291879	298596	11	10
(14, 5, 1)	2	0	561860	534541	21	21
(5, 15, 1)	1	0	743848	524621	32	31
(15, 5, 1)	2	0	412086	717976	30	30
(6, 7, 1)	2	0	680874	482040	29	29
(7, 6, 1)	2	0	396607	589220	27	27
(6, 8, 1)	2	0	754539	627975	32	32
(8, 6, 1)	1	0	257349	348544	15	14
(6, 9, 1)	1	0	243474	106080	13	12
(9, 6, 1)	1	0	73042	337832	17	16
(6, 10, 1)	1	0	264997	492255	17	16
(10, 6, 1)	2	0	884205	641639	36	36
(6, 11, 1)	2	0	659583	371990	31	31
(11, 6, 1)	2	0	602594	802463	44	44
(6, 12, 1)	2	0	645465	736867	27	27
(12, 6, 1)	1	0	243513	124756	14	13
(6, 13, 1)	2	0	903574	555412	43	43
(13, 6, 1)	1	0	961091	975519	60	59
(6, 14, 1)	1	0	285730	273398	9	8
(14, 6, 1)	1	0	395160	126531	13	12
(6, 15, 1)	1	0	315300	277995	19	18
(15, 6, 1)	1	0	230807	133796	17	16
(7, 8, 1)	2	0	739670	761188	49	49
(8, 7, 1)	1	0	658797	549439	34	33
(7, 9, 1)	1	0	293885	258122	28	27
(9, 7, 1)	1	0	391586	635207	41	40
(7, 10, 1)	1	0	229719	525473	17	16
(10, 7, 1)	2	0	926397	437545	43	43
(7, 11, 1)	2	0	386310	216284	22	22
(11, 7, 1)	2	0	253176	262546	30	30
(7, 12, 1)	2	0	415995	522310	31	31
(12, 7, 1)	1	0	476039	177004	20	19
(7, 13, 1)	2	0	558371	542265	36	36
(13, 7, 1)	1	0	57943	162323	20	19
(7, 14, 1)	1	0	426472	534781	24	23
(14, 7, 1)	1	0	356455	162213	13	12
(7, 15, 1)	1	0	145645	165476	13	12
(15, 7, 1)	2	0	355673	206500	21	21
(8, 9, 1)	2	0	313117	142017	24	24
(9, 8, 1)	1	0	298714	524302	32	31
(8, 10, 1)	1	0	247521	398042	18	17
(10, 8, 1)	2	0	917472	666931	43	43
(8, 11, 1)	1	0	253807	208920	19	18
(11, 8, 1)	2	0	338019	415143	28	28
(8, 12, 1)	1	0	440501	680792	22	21
(12, 8, 1)	2	0	748812	536529	29	29
(8, 13, 1)	1	0	138089	54842	10	9
(13, 8, 1)	2	0	201392	384462	22	22
(8, 14, 1)	1	0	253110	470016	18	17
(14, 8, 1)	2	0	570356	217806	17	17
(8, 15, 1)	1	0	291474	227251	17	16
(15, 8, 1)	2	0	580800	452563	29	29
(9, 10, 1)	1	0	72257	443603	22	21
(10, 9, 1)	2	0	883958	202889	38	38
(9, 11, 1)	1	0	73197	163438	17	16
(11, 9, 1)	2	0	312240	154108	28	28
(9, 12, 1)	1	0	89753	495648	22	21
(12, 9, 1)	2	0	846448	218539	37	37
(9, 13, 1)	1	0	52783	53962	13	12
(13, 9, 1)	1	0	65332	55597	8	7
(9, 14, 1)	1	0	72384	340257	14	13
(14, 9, 1)	1	0	536847	153154	22	21
(9, 15, 1)	1	0	55411	221690	16	15
(15, 9, 1)	2	0	381833	188093	22	22
(10, 11, 1)	1	0	965390	573601	46	45
(11, 10, 1)	2	0	460616	876011	31	31
(10, 12, 1)	2	0	790025	419798	25	25
(12, 10, 1)	1	0	563593	604339	27	26
(10, 13, 1)	1	0	600033	10868	19	18
(13, 10, 1)	1	0	119582	607223	21	20
(10, 14, 1)	2	0	865219	532822	35	35
(14, 10, 1)	1	0	385562	288948	15	14
(10, 15, 1)	2	0	815980	390885	40	40
(15, 10, 1)	1	0	232654	349995	18	17
(11, 12, 1)	2	0	334003	462856	26	26
(12, 11, 1)	1	0	669200	368400	34	33
(11, 13, 1)	1	0	105415	3050	18	17
(13, 11, 1)	2	0	307293	330060	28	28
(11, 14, 1)	2	0	295271	443307	29	29
(14, 11, 1)	2	0	484020	219104	19	19
(11, 15, 1)	2	0	410575	372763	32	32
(15, 11, 1)	1	0	210152	55661	14	13
(12, 13, 1)	1	0	391521	12560	18	17
(13, 12, 1)	2	0	207060	628374	39	39
(12, 14, 1)	1	0	445383	370867	17	16
(14, 12, 1)	2	0	632608	416543	26	26
(12, 15, 1)	1	0	640181	412241	38	37
(15, 12, 1)	2	0	585796	611803	28	28
(13, 14, 1)	2	0	237247	505160	31	31
(14, 13, 1)	1	0	542973	41157	26	25
(13, 15, 1)	1	0	985698	813807	55	54
(15, 13, 1)	2	0	593010	339352	27	27
(14, 15, 1)	1	0	622953	510942	26	25
(15, 14, 1)	2	0	369559	480734	22	22
(0, 1, 2)	1	0	178160	241175	22	21
(1, 0, 2)	1	0	666214	764887	44	43
(0, 2, 2)	1	0	107980	211173	10	9
(2, 0, 2)	2	0	559343	466276	30	30
(0, 3, 2)	1	4	112145	315439	7	6
(3, 0, 2)	2	0	431638	184662	23	23
(0, 4, 2)	1	0	99956	457465	14	13
(4, 0, 2)	2	0	656326	435681	29	29
(0, 5, 2)	1	0	86713	225997	14	13
(5, 0, 2)	2	0	738195	367683	26	26
(0, 6, 2)	1	0	85482	285980	9	8
(6, 0, 2)	2	0	469992	232176	19	19
(0, 7, 2)	1	0	149120	222532	18	17
(7, 0, 2)	2	0	460579	263839	30	30
(0, 8, 2)	1	0	210587	336601	22	21
(8, 0, 2)	2	0	284370	180541	23	23
(0, 9, 2)	1	0	83175	105377	13	12
(9, 0, 2)	2	0	100841	57962	12	12
(0, 10, 2)	1	0	255946	785230	27	26
(10, 0, 2)	2	0	634670	238812	20	20
(0, 11, 2)	1	0	100729	152549	19	18
(11, 0, 2)	2	0	296545	217998	24	24
(0, 12, 2)	1	0	368751	677267	32	31
(12, 0, 2)	1	0	105313	182654	21	20
(0, 13, 2)	1	0	172266	52145	17	16
(13, 0, 2)	2	0	186409	534042	36	36
(0, 14, 2)	1	0	84019	403956	14	13
(14, 0, 2)	2	0	574472	70250	15	15
(0, 15, 2)	1	0	151345	253091	15	14
(15, 0, 2)	2	0	534612	329348	27	27
(1, 2, 2)	1	0	460489	397930	24	23
(2, 1, 2)	1	0	759674	963154	70	69
(1, 3, 2)	1	0	96305	155976	15	14
(3, 1, 2)	2	0	258246	86111	17	17
(1, 4, 2)	1	0	603175	673421	30	29
(4, 1, 2)	1	0	457527	367079	15	14
(1, 5, 2)	1	0	683355	697214	26	25
(5, 1, 2)	2	0	663065	353571	24	24
(1, 6, 2)	1	0	520494	611030	25	24
(6, 1, 2)	2	0	622500	488846	24	24
(1, 7, 2)	1	0	144282	145235	17	16
(7, 1, 2)	2	0	508766	606238	36	36
(1, 8, 2)	1	0	237959	209247	20	19
(8, 1, 2)	2	0	727381	882552	53	53
(1, 9, 2)	1	0	82286	85395	11	10
(9, 1, 2)	2	0	101562	67109	12	12
(1, 10, 2)	1	0	551013	648236	24	23
(10, 1, 2)	2	0	636240	242764	20	20
(1, 11, 2)	1	0	353444	178255	22	21
(11, 1, 2)	2	0	258990	240839	22	22
(1, 12, 2)	1	0	689539	717072	37	36
(12, 1, 2)	2	0	976746	865597	69	69
(1, 13, 2)	1	0	233753	41371	19	18
(13, 1, 2)	2	0	195834	493357	37	37
(1, 14, 2)	1	0	414911	587899	19	18
(14, 1, 2)	2	0	659839	250095	26	26
(1, 15, 2)	1	0	75568	206929	13	12
(15, 1, 2)	2	0	724509	478219	36	36
(2, 3, 2)	1	0	140642	204605	18	17
(3, 2, 2)	2	0	246291	157036	16	16
(2, 4, 2)	1	0	142545	399394	14	13
(4, 2, 2)	1	0	638529	494316	26	25
(2, 5, 2)	1	0	148638	557172	18	17
(5, 2, 2)	1	0	639158	595371	27	26
(2, 6, 2)	1	0	284981	561443	20	19
(6, 2, 2)	1	0	477142	157566	22	21
(2, 7, 2)	1	0	473202	543523	37	36
(7, 2, 2)	2	0	477592	335504	37	37
(2, 8, 2)	1	0	174487	254221	19	18
(8, 2, 2)	2	0	320595	271244	22	22
(2, 9, 2)	1	0	312085	218126	19	18
(9, 2, 2)	2	0	254891	212794	25	25
(2, 10, 2)	1	0	271396	489083	22	21
(10, 2, 2)	2	0	799659	403449	30	30
(2, 11, 2)	1	0	423490	343201	33	32
(11, 2, 2)	2	0	382135	487902	28	28
(2, 12, 2)	1	0	796282	973682	65	64
(12, 2, 2)	1	0	480022	337380	20	19
(2, 13, 2)	1	0	386331	240173	31	30
(13, 2, 2)	2	0	263834	472016	27	27
(2, 14, 2)	1	0	176292	523352	15	14
(14, 2, 2)	2	0	571623	106223	15	15
(2, 15, 2)	1	0	166131	390261	23	22
(15, 2, 2)	2	0	581585	399206	38	38
(3, 4, 2)	2	0	253717	399381	15	15
(4, 3, 2)	1	0	429137	129522	15	14
(3, 5, 2)	2	0	215095	349938	24	24
(5, 3, 2)	1	4	775789	607872	25	24
(3, 6, 2)	2	4	354391	660052	23	23
(6, 3, 2)	2	0	314469	103106	11	11
(3, 7, 2)	1	0	236299	220285	18	17
(7, 3, 2)	2	0	562519	597540	36	36
(3, 8, 2)	2	0	291718	109199	15	15
(8, 3, 2)	1	0	123783	242049	11	10
(3, 9, 2)	1	0	322912	262721	23	22
(9, 3, 2)	2	0	98874	66310	9	9
(3, 10, 2)	2	0	161077	412217	15	15
(10, 3, 2)	1	0	283514	169665	12	11
(3, 11, 2)	1	0	301935	246236	25	24
(11, 3, 2)	2	0	494021	589702	40	40
(3, 12, 2)	2	0	311973	166822	18	18
(12, 3, 2)	1	0	273776	168671	16	15
(3, 13, 2)	1	0	886546	720375	55	54
(13, 3, 2)	2	0	206306	278456	24	24
(3, 14, 2)	2	0	139959	189070	12	12
(14, 3, 2)	1	0	512060	224989	18	17
(3, 15, 2)	1	0	233566	245968	17	16
(15, 3, 2)	1	0	112916	119842	16	15
(4, 5, 2)	1	0	579157	418765	21	20
(5, 4, 2)	2	0	223123	510064	17	17
(4, 6, 2)	1	0	557304	576131	23	22
(6, 4, 2)	2	0	473462	599644	20	20
(4, 7, 2)	1	0	399390	121032	15	14
(7, 4, 2)	2	0	687058	802604	45	45
(4, 8, 2)	1	0	399417	183415	14	13
(8, 4, 2)	1	0	367516	579250	23	22
(4, 9, 2)	1	0	399348	85648	11	10
(9, 4, 2)	2	0	98972	367954	10	10
(4, 10, 2)	1	0	429280	399379	16	15
(10, 4, 2)	2	0	634491	534003	20	20
(4, 11, 2)	1	0	557356	273433	24	23
(11, 4, 2)	2	0	464701	758555	35	35
(4, 12, 2)	1	0	838497	932665	42	41
(12, 4, 2)	1	0	273688	534450	20	19
(4, 13, 2)	1	0	509982	46075	19	18
(13, 4, 2)	2	0	846674	746234	42	42
(4, 14, 2)	1	0	579081	580537	23	22
(14, 4, 2)	2	0	597350	534182	23	23
(4, 15, 2)	1	0	429055	207213	12	11
(15, 4, 2)	2	0	540952	638508	27	27
(5, 6, 2)	1	0	514397	570241	24	23
(6, 5, 2)	1	0	318139	420157	18	17
(5, 7, 2)	1	0	325967	251852	20	19
(7, 5, 2)	2	0	686306	851207	52	52
(5, 8, 2)	1	0	715376	379810	26	25
(8, 5, 2)	1	0	76888	212683	13	12
(5, 9, 2)	2	0	914069	465496	48	48
(9, 5, 2)	2	0	108868	213248	13	13
(5, 10, 2)	1	0	322267	453191	18	17
(10, 5, 2)	2	0	881846	723013	31	31
(5, 11, 2)	1	0	892967	552018	50	49
(11, 5, 2)	2	0	691311	984387	62	62
(5, 12, 2)	1	0	850028	890223	37	36
(12, 5, 2)	1	0	137001	347228	16	15
(5, 13, 2)	1	0	482702	87922	25	24
(13, 5, 2)	1	0	98937	415946	16	15
(5, 14, 2)	1	0	416654	483122	16	15
(14, 5, 2)	1	0	440081	187122	16	15
(5, 15, 2)	1	0	112172	153829	15	14
(15, 5, 2)	1	0	246628	460313	19	18
(6, 7, 2)	1	0	300471	130578	17	16
(7, 6, 2)	1	0	283870	453566	23	22
(6, 8, 2)	1	0	494124	307815	20	19
(8, 6, 2)	1	0	106394	284792	9	8
(6, 9, 2)	1	0	345593	146732	18	17
(9, 6, 2)	1	0	56116	207740	23	22
(6, 10, 2)	1	0	319618	460911	17	16
(10, 6, 2)	2	0	814895	673320	32	32
(6, 11, 2)	1	0	598041	248919	25	24
(11, 6, 2)	2	0	427725	656716	33	33
(6, 12, 2)	2	0	961217	954357	61	61
(12, 6, 2)	1	0	249634	541333	21	20
(6, 13, 2)	1	0	290864	32040	17	16
(13, 6, 2)	1	0	181804	738308	32	31
(6, 14, 2)	1	0	397549	588833	23	22
(14, 6, 2)	2	0	675956	580425	24	24
(6, 15, 2)	1	0	133710	149893	12	11
(15, 6, 2)	2	0	665895	641723	37	37
(7, 8, 2)	2	0	594606	565476	35	35
(8, 7, 2)	1	0	508110	360350	29	28
(7, 9, 2)	2	0	474973	240572	35	35
(9, 7, 2)	2	0	98889	92984	9	9
(7, 10, 2)	2	0	404982	802987	29	29
(10, 7, 2)	2	0	898549	461915	39	39
(7, 11, 2)	2	0	454993	256676	34	34
(11, 7, 2)	2	0	426113	415571	33	33
(7, 12, 2)	2	0	637566	708665	34	34
(12, 7, 2)	1	0	347121	239159	24	23
(7, 13, 2)	1	0	530497	92369	32	31
(13, 7, 2)	2	0	64591	251289	14	14
(7, 14, 2)	1	0	275111	516457	19	18
(14, 7, 2)	2	0	529759	284257	23	23
(7, 15, 2)	1	0	270351	326240	23	22
(15, 7, 2)	2	0	641710	481299	34	34
(8, 9, 2)	1	0	79484	105569	14	13
(9, 8, 2)	2	0	99170	85762	9	9
(8, 10, 2)	1	0	100709	362719	14	13
(10, 8, 2)	1	0	526759	313832	16	15
(8, 11, 2)	1	0	109098	104187	13	12
(11, 8, 2)	1	0	173276	316737	17	16
(8, 12, 2)	2	0	326042	377249	22	22
(12, 8, 2)	1	0	233086	280353	22	21
(8, 13, 2)	1	0	306203	46163	20	19
(13, 8, 2)	1	0	161186	289621	18	17
(8, 14, 2)	1	0	132824	286493	12	11
(14, 8, 2)	2	0	663464	281171	20	20
(8, 15, 2)	1	0	309575	346972	19	18
(15, 8, 2)	1	0	150565	143350	15	14
(9, 10, 2)	2	0	97973	159725	10	10
(10, 9, 2)	1	0	304772	100739	11	10
(9, 11, 2)	2	0	137937	99563	12	12
(11, 9, 2)	1	0	54495	83458	11	10
(9, 12, 2)	2	0	111879	297219	13	13
(12, 9, 2)	1	0	205216	84926	11	10
(9, 13, 2)	2	0	149785	47159	13	13
(13, 9, 2)	1	0	59337	132789	14	13
(9, 14, 2)	1	0	72531	336115	15	14
(14, 9, 2)	2	0	474416	74897	14	14
(9, 15, 2)	1	0	163259	432480	21	20
(15, 9, 2)	1	0	163400	101720	11	10
(10, 11, 2)	1	0	803363	414022	29	28
(11, 10, 2)	1	0	317147	825891	28	27
(10, 12, 2)	2	0	783006	581299	29	29
(12, 10, 2)	1	0	87007	312082	12	11
(10, 13, 2)	2	0	698010	174221	24	24
(13, 10, 2)	1	0	29421	457099	17	16
(10, 14, 2)	1	0	429346	555883	16	15
(14, 10, 2)	2	0	709450	782482	29	29
(10, 15, 2)	1	0	152884	137962	10	9
(15, 10, 2)	1	0	147774	386262	18	17
(11, 12, 2)	2	0	303571	495158	30	30
(12, 11, 2)	1	0	96358	94379	15	14
(11, 13, 2)	1	0	236607	197377	20	19
(13, 11, 2)	2	0	181056	262738	21	21
(11, 14, 2)	1	0	153177	514280	16	15
(14, 11, 2)	2	0	564905	124737	15	15
(11, 15, 2)	1	0	37612	150360	13	12
(15, 11, 2)	1	0	449014	293824	29	28
(12, 13, 2)	1	0	233344	56282	15	14
(13, 12, 2)	2	0	789899	701941	35	35
(12, 14, 2)	1	0	87200	251973	11	10
(14, 12, 2)	2	0	527349	164000	16	16
(12, 15, 2)	1	0	170410	136822	12	11
(15, 12, 2)	2	0	531129	509738	30	30
(13, 14, 2)	1	0	72816	397971	14	13
(14, 13, 2)	2	0	652471	72403	19	19
(13, 15, 2)	1	0	37446	207525	13	12
(15, 13, 2)	2	0	510674	66673	26	26
(14, 15, 2)	1	0	557686	349387	21	20
(15, 14, 2)	1	0	247691	484942	19	18
(0, 1, 3)	1	0	130356	380662	23	22
(1, 0, 3)	1	0	479447	320569	42	41
(0, 2, 3)	1	0	230417	494503	33	32
(2, 0, 3)	1	0	634861	692069	40	39
(0, 3, 3)	1	0	111310	156436	18	17
(3, 0, 3)	2	0	101812	171964	21	21
(0, 4, 3)	1	0	123383	300231	15	14
(4, 0, 3)	2	0	746291	737275	41	41
(0, 5, 3)	1	0	77614	438884	24	23
(5, 0, 3)	2	0	680128	228742	25	25
(0, 6, 3)	1	0	243278	595755	28	27
(6, 0, 3)	2	0	790808	547961	32	32
(0, 7, 3)	1	0	92948	236460	22	21
(7, 0, 3)	2	0	483980	483498	37	37
(0, 8, 3)	1	0	128512	337922	19	18
(8, 0, 3)	2	0	812117	674007	55	55
(0, 9, 3)	1	0	131299	223671	22	21
(9, 0, 3)	2	0	352766	584169	31	31
(0, 10, 3)	1	0	119218	655810	23	22
(10, 0, 3)	2	0	640860	139463	18	18
(0, 11, 3)	1	0	134893	108404	18	17
(11, 0, 3)	2	0	422932	345094	32	32
(0, 12, 3)	1	0	216736	640826	35	34
(12, 0, 3)	1	0	597144	248471	27	26
(0, 13, 3)	1	0	93988	47755	23	22
(13, 0, 3)	2	0	201595	154880	22	22
(0, 14, 3)	1	0	179777	436313	24	23
(14, 0, 3)	2	0	768847	471323	34	34
(0, 15, 3)	1	0	123197	382531	19	18
(15, 0, 3)	2	0	647774	456902	40	40
(1, 2, 3)	1	0	490250	492385	30	29
(2, 1, 3)	1	0	445524	510753	33	32
(1, 3, 3)	1	0	263544	335920	19	18
(3, 1, 3)	2	0	93198	407515	21	21
(1, 4, 3)	1	0	314461	335092	16	15
(4, 1, 3)	2	0	429051	340282	21	21
(1, 5, 3)	1	0	576172	496923	28	27
(5, 1, 3)	2	0	823416	684345	37	37
(1, 6, 3)	1	0	555398	684990	35	34
(6, 1, 3)	2	0	674952	613359	30	30
(1, 7, 3)	1	0	413405	302060	27	26
(7, 1, 3)	2	0	252895	435314	17	17
(1, 8, 3)	1	0	546105	360891	26	25
(8, 1, 3)	2	0	791300	758699	48	48
(1, 9, 3)	1	0	352472	257034	34	33
(9, 1, 3)	1	0	345435	819707	35	34
(1, 10, 3)	1	0	439366	634415	24	23
(10, 1, 3)	2	0	677702	340634	18	18
(1, 11, 3)	1	0	277502	168493	20	19
(11, 1, 3)	2	0	431101	531034	34	34
(1, 12, 3)	1	0	280907	502307	20	19
(12, 1, 3)	1	0	911173	865369	51	50
(1, 13, 3)	1	0	536619	149850	19	18
(13, 1, 3)	2	0	189727	337021	21	21
(1, 14, 3)	1	0	486842	396934	24	23
(14, 1, 3)	2	0	411460	420717	21	21
(1, 15, 3)	1	0	369865	433849	20	19
(15, 1, 3)	2	0	637234	591738	35	35
(2, 3, 3)	1	0	301828	408820	18	17
(3, 2, 3)	2	0	98930	219528	21	21
(2, 4, 3)	1	0	294403	429240	19	18
(4, 2, 3)	1	0	484562	291054	17	16
(2, 5, 3)	1	0	671876	774568	40	39
(5, 2, 3)	1	0	492680	441961	21	20
(2, 6, 3)	1	0	625833	658438	25	24
(6, 2, 3)	2	0	462890	243260	23	23
(2, 7, 3)	1	0	429077	264912	18	17
(7, 2, 3)	2	0	272031	280140	17	17
(2, 8, 3)	1	0	792391	653394	41	40
(8, 2, 3)	1	0	430852	461169	24	23
(2, 9, 3)	2	0	725845	265299	30	30
(9, 2, 3)	1	0	464525	935060	47	46
(2, 10, 3)	1	0	220798	380780	18	17
(10, 2, 3)	2	0	658301	212956	18	18
(2, 11, 3)	1	0	216581	115840	15	14
(11, 2, 3)	1	0	287913	382995	22	21
(2, 12, 3)	1	0	313044	577677	21	20
(12, 2, 3)	1	0	820053	739105	44	43
(2, 13, 3)	1	0	402976	392706	28	27
(13, 2, 3)	1	0	70789	688336	23	22
(2, 14, 3)	1	0	466755	393634	21	20
(14, 2, 3)	1	0	250423	167260	18	17
(2, 15, 3)	1	0	215182	171790	17	16
(15, 2, 3)	1	0	360544	758621	28	27
(3, 4, 3)	2	0	132703	579070	21	21
(4, 3, 3)	1	4	509951	392791	15	14
(3, 5, 3)	2	4	158804	517950	13	13
(5, 3, 3)	1	0	399708	419774	19	18
(3, 6, 3)	2	0	88177	411379	20	20
(6, 3, 3)	2	0	912908	830454	45	45
(3, 7, 3)	2	4	288404	273560	14	14
(7, 3, 3)	2	0	344570	194460	26	26
(3, 8, 3)	2	0	95798	350153	21	21
(8, 3, 3)	1	0	301093	160436	18	17
(3, 9, 3)	2	0	94237	166216	21	21
(9, 3, 3)	1	0	131125	160976	18	17
(3, 10, 3)	2	0	102367	548636	21	21
(10, 3, 3)	2	0	970334	488699	47	47
(3, 11, 3)	2	0	101965	138058	14	14
(11, 3, 3)	2	0	439558	739748	42	42
(3, 12, 3)	2	0	102116	340661	21	21
(12, 3, 3)	1	0	104523	157398	18	17
(3, 13, 3)	2	0	92517	39606	21	21
(13, 3, 3)	1	0	24762	427905	19	18
(3, 14, 3)	2	0	91665	304412	21	21
(14, 3, 3)	2	0	387817	341077	21	21
(3, 15, 3)	1	0	128222	427355	23	22
(15, 3, 3)	1	0	178761	431610	18	17
(4, 5, 3)	2	0	429127	517455	20	20
(5, 4, 3)	1	0	566148	335104	16	15
(4, 6, 3)	1	0	719146	756477	32	31
(6, 4, 3)	2	0	930394	770562	46	46
(4, 7, 3)	2	0	368122	203466	17	17
(7, 4, 3)	2	0	257468	484312	17	17
(4, 8, 3)	1	0	638579	356712	27	26
(8, 4, 3)	1	0	255706	334944	16	15
(4, 9, 3)	1	0	600065	263641	27	26
(9, 4, 3)	1	0	131180	335137	16	15
(4, 10, 3)	1	0	557144	686731	26	25
(10, 4, 3)	1	0	779533	457591	24	23
(4, 11, 3)	1	0	557117	268750	26	25
(11, 4, 3)	2	0	594451	781694	45	45
(4, 12, 3)	1	0	673269	673408	26	25
(12, 4, 3)	1	0	175364	300428	15	14
(4, 13, 3)	1	0	599817	283462	26	25
(13, 4, 3)	2	0	400978	656554	32	32
(4, 14, 3)	1	0	638626	510891	26	25
(14, 4, 3)	2	0	386378	557396	21	21
(4, 15, 3)	1	0	457497	208770	16	15
(15, 4, 3)	2	0	773288	770622	42	42
(5, 6, 3)	1	0	639880	465853	23	22
(6, 5, 3)	1	0	534846	519052	24	23
(5, 7, 3)	1	0	635984	258188	22	21
(7, 5, 3)	2	0	314546	339322	26	26
(5, 8, 3)	2	0	876577	694900	40	40
(8, 5, 3)	1	0	401761	492475	21	20
(5, 9, 3)	2	0	790656	233447	23	23
(9, 5, 3)	1	0	292891	757202	37	36
(5, 10, 3)	1	0	344439	438354	16	15
(10, 5, 3)	1	0	718921	552646	27	26
(5, 11, 3)	1	0	477062	107108	18	17
(11, 5, 3)	2	0	328926	698868	34	34
(5, 12, 3)	1	0	782824	537685	35	34
(12, 5, 3)	1	0	313417	372414	23	22
(5, 13, 3)	1	0	716448	332327	21	20
(13, 5, 3)	1	0	521358	602088	26	25
(5, 14, 3)	1	0	830015	481980	28	27
(14, 5, 3)	2	0	305696	401091	16	16
(5, 15, 3)	1	0	412501	170178	15	14
(15, 5, 3)	2	0	638744	705073	38	38
(6, 7, 3)	1	0	503492	309903	26	25
(7, 6, 3)	2	0	282820	504010	24	24
(6, 8, 3)	1	0	502771	344524	22	21
(8, 6, 3)	1	0	614166	658364	34	33
(6, 9, 3)	2	0	945516	435959	51	51
(9, 6, 3)	1	0	300725	766205	26	25
(6, 10, 3)	2	0	932890	923264	45	45
(10, 6, 3)	1	0	946634	827957	44	43
(6, 11, 3)	1	0	612619	289856	28	27
(11, 6, 3)	2	0	479242	756111	37	37
(6, 12, 3)	2	0	616169	508104	27	27
(12, 6, 3)	1	0	419186	668061	28	27
(6, 13, 3)	1	0	628023	769450	26	25
(13, 6, 3)	1	0	641314	640071	24	23
(6, 14, 3)	1	0	506072	406712	24	23
(14, 6, 3)	2	0	412558	428231	19	19
(6, 15, 3)	2	0	710921	309532	26	26
(15, 6, 3)	1	0	357992	592176	32	31
(7, 8, 3)	2	0	736414	804780	61	61
(8, 7, 3)	1	0	435519	255836	22	21
(7, 9, 3)	2	0	283306	166861	24	24
(9, 7, 3)	1	0	333543	527222	37	36
(7, 10, 3)	2	0	270395	598139	17	17
(10, 7, 3)	1	0	601146	333159	28	27
(7, 11, 3)	2	0	526159	403726	43	43
(11, 7, 3)	1	0	246152	287191	20	19
(7, 12, 3)	2	0	272888	252932	17	17
(12, 7, 3)	1	0	353168	228217	27	26
(7, 13, 3)	2	0	364071	257259	25	25
(13, 7, 3)	1	0	425248	406622	34	33
(7, 14, 3)	2	0	286653	332853	24	24
(14, 7, 3)	2	0	336818	227691	15	15
(7, 15, 3)	2	0	295459	201546	23	23
(15, 7, 3)	1	0	561383	471302	37	36
(8, 9, 3)	1	0	369417	243848	22	21
(9, 8, 3)	1	0	200896	467447	25	24
(8, 10, 3)	1	0	388334	521651	21	20
(10, 8, 3)	2	0	664783	325130	18	18
(8, 11, 3)	1	0	312641	106686	18	17
(11, 8, 3)	2	0	733862	875477	69	69
(8, 12, 3)	2	0	841953	837020	57	57
(12, 8, 3)	1	0	283803	379324	24	23
(8, 13, 3)	1	0	414522	63849	22	21
(13, 8, 3)	1	0	319080	389047	26	25
(8, 14, 3)	1	0	503859	361102	20	19
(14, 8, 3)	2	0	411976	354919	20	20
(8, 15, 3)	1	0	375425	332212	24	23
(15, 8, 3)	2	0	753582	696858	43	43
(9, 10, 3)	1	0	251297	644646	26	25
(10, 9, 3)	2	0	677509	149558	18	18
(9, 11, 3)	1	0	149421	122793	18	17
(11, 9, 3)	2	0	552585	376290	43	43
(9, 12, 3)	1	0	278164	759076	32	31
(12, 9, 3)	1	0	471159	211014	21	20
(9, 13, 3)	1	0	199566	152627	26	25
(13, 9, 3)	2	0	183746	166235	21	21
(9, 14, 3)	1	0	341952	719449	33	32
(14, 9, 3)	2	0	411833	166345	19	19
(9, 15, 3)	1	0	513655	760638	49	48
(15, 9, 3)	1	0	516327	372803	38	37
(10, 11, 3)	1	0	768637	241904	24	23
(11, 10, 3)	2	0	351363	828429	35	35
(10, 12, 3)	1	0	822985	814138	35	34
(12, 10, 3)	1	0	382228	612341	24	23
(10, 13, 3)	2	0	670184	19400	18	18
(13, 10, 3)	1	0	21297	435011	15	14
(10, 14, 3)	2	0	675312	272438	18	18
(14, 10, 3)	1	0	182594	473057	17	16
(10, 15, 3)	1	0	875742	636591	40	39
(15, 10, 3)	2	0	163701	565389	13	13
(11, 12, 3)	2	0	441174	747197	47	47
(12, 11, 3)	1	0	121292	106746	18	17
(11, 13, 3)	1	0	293287	150298	29	28
(13, 11, 3)	1	0	20361	124262	15	14
(11, 14, 3)	1	0	372339	602165	27	26
(14, 11, 3)	2	0	420405	213630	23	23
(11, 15, 3)	1	0	267904	369204	22	21
(15, 11, 3)	2	0	165879	171894	13	13
(12, 13, 3)	1	0	311606	49132	24	23
(13, 12, 3)	2	0	74239	470939	21	21
(12, 14, 3)	1	0	447885	359705	26	25
(14, 12, 3)	2	0	326618	594328	21	21
(12, 15, 3)	1	0	380189	337805	24	23
(15, 12, 3)	1	0	404190	696866	39	38
(13, 14, 3)	2	0	192416	304957	21	21
(14, 13, 3)	2	0	412208	22749	19	19
(13, 15, 3)	1	0	20038	170449	14	13
(15, 13, 3)	2	0	730913	596255	41	41
(14, 15, 3)	1	0	168847	207737	16	15
(15, 14, 3)	2	0	452371	332693	35	35
(0, 1, 4)	1	0	278400	606554	30	29
(1, 0, 4)	2	0	712350	244864	35	35
(0, 2, 4)	1	0	130120	76535	16	15
(2, 0, 4)	2	0	593071	564414	34	34
(0, 3, 4)	1	0	111240	209293	15	14
(3, 0, 4)	2	0	165727	61707	11	11
(0, 4, 4)	2	0	748834	792671	41	41
(4, 0, 4)	1	0	910433	835183	62	61
(0, 5, 4)	1	0	324160	725104	33	32
(5, 0, 4)	2	0	854286	221452	35	35
(0, 6, 4)	1	0	334826	696008	27	26
(6, 0, 4)	2	0	651821	405624	29	29
(0, 7, 4)	1	0	185361	358294	25	24
(7, 0, 4)	2	0	502231	329991	31	31
(0, 8, 4)	1	0	137442	395022	23	22
(8, 0, 4)	2	0	400416	115767	22	22
(0, 9, 4)	1	0	514795	406669	39	38
(9, 0, 4)	2	0	233221	143927	21	21
(0, 10, 4)	1	0	205549	782781	27	26
(10, 0, 4)	2	0	741067	204631	22	22
(0, 11, 4)	1	0	238573	274749	25	24
(11, 0, 4)	2	0	454201	271580	35	35
(0, 12, 4)	1	0	306059	721737	27	26
(12, 0, 4)	2	0	772104	379978	31	31
(0, 13, 4)	1	0	302431	152079	30	29
(13, 0, 4)	2	0	89857	110398	17	17
(0, 14, 4)	1	0	231802	608035	20	19
(14, 0, 4)	2	0	265227	113689	14	14
(0, 15, 4)	1	0	418831	665953	34	33
(15, 0, 4)	2	0	527651	304964	25	25
(1, 2, 4)	2	0	830675	556918	39	39
(2, 1, 4)	2	0	554213	492598	33	33
(1, 3, 4)	1	0	187667	209345	14	13
(3, 1, 4)	2	0	473983	375889	18	18
(1, 4, 4)	1	0	270321	368111	15	14
(4, 1, 4)	2	0	638427	481691	31	31
(1, 5, 4)	1	0	696932	729006	37	36
(5, 1, 4)	2	0	804008	390135	29	29
(1, 6, 4)	1	0	384854	494856	24	23
(6, 1, 4)	2	0	784823	555257	32	32
(1, 7, 4)	1	0	454364	448664	31	30
(7, 1, 4)	2	0	459874	337498	30	30
(1, 8, 4)	1	0	388145	429170	20	19
(8, 1, 4)	2	0	686343	622906	38	38
(1, 9, 4)	1	0	102817	135124	15	14
(9, 1, 4)	2	0	149750	110726	15	15
(1, 10, 4)	1	0	248679	682349	27	26
(10, 1, 4)	2	0	887894	567024	38	38
(1, 11, 4)	1	0	333350	322992	26	25
(11, 1, 4)	2	0	553214	551015	44	44
(1, 12, 4)	1	0	663460	810714	43	42
(12, 1, 4)	2	0	555425	274011	20	20
(1, 13, 4)	1	0	353460	192682	22	21
(13, 1, 4)	2	0	150536	374957	26	26
(1, 14, 4)	1	0	169855	564006	19	18
(14, 1, 4)	2	0	267046	128925	14	14
(1, 15, 4)	1	0	103525	193931	15	14
(15, 1, 4)	2	0	637301	288547	25	25
(2, 3, 4)	1	0	405406	415897	17	16
(3, 2, 4)	2	4	320532	221816	12	12
(2, 4, 4)	1	0	278232	457511	17	16
(4, 2, 4)	2	0	510115	308328	24	24
(2, 5, 4)	1	0	650745	767463	35	34
(5, 2, 4)	2	0	697109	360748	26	26
(2, 6, 4)	1	0	250390	725981	24	23
(6, 2, 4)	2	0	544339	145319	26	26
(2, 7, 4)	1	0	333299	359276	25	24
(7, 2, 4)	2	0	454513	516490	31	31
(2, 8, 4)	1	0	542075	632554	42	41
(8, 2, 4)	2	0	388519	264311	26	26
(2, 9, 4)	1	0	769067	558965	49	48
(9, 2, 4)	2	0	149432	118415	14	14
(2, 10, 4)	1	0	248253	684232	26	25
(10, 2, 4)	2	0	719354	170457	24	24
(2, 11, 4)	1	0	486525	469877	40	39
(11, 2, 4)	2	0	282020	153672	27	27
(2, 12, 4)	1	0	604972	924825	45	44
(12, 2, 4)	2	0	930156	735937	63	63
(2, 13, 4)	1	0	533457	214696	22	21
(13, 2, 4)	2	0	226607	346198	29	29
(2, 14, 4)	1	0	352989	689040	24	23
(14, 2, 4)	2	0	451171	135858	15	15
(2, 15, 4)	1	0	286953	341684	25	24
(15, 2, 4)	2	0	279308	118838	17	17
(3, 4, 4)	2	4	369729	399348	10	10
(4, 3, 4)	2	0	579138	472899	29	29
(3, 5, 4)	2	0	427306	432707	17	17
(5, 3, 4)	1	0	557451	386133	23	22
(3, 6, 4)	2	0	432717	474194	18	18
(6, 3, 4)	2	0	759851	645624	28	28
(3, 7, 4)	2	0	619351	431001	27	27
(7, 3, 4)	1	0	113534	119131	9	8
(3, 8, 4)	2	0	326547	169068	15	15
(8, 3, 4)	2	0	446050	402756	25	25
(3, 9, 4)	1	0	919065	534785	45	44
(9, 3, 4)	2	0	311153	447758	26	26
(3, 10, 4)	1	0	665960	837932	33	32
(10, 3, 4)	2	0	867725	581312	33	33
(3, 11, 4)	1	0	709783	478202	39	38
(11, 3, 4)	1	0	148828	304015	19	18
(3, 12, 4)	2	0	177036	164355	13	13
(12, 3, 4)	2	0	915632	783168	46	46
(3, 13, 4)	2	0	386736	52827	19	19
(13, 3, 4)	2	0	174727	637572	32	32
(3, 14, 4)	2	0	171238	335533	13	13
(14, 3, 4)	2	0	535288	240391	12	12
(3, 15, 4)	2	0	227551	372440	16	16
(15, 3, 4)	2	0	612776	620241	31	31
(4, 5, 4)	1	0	638465	428737	21	20
(5, 4, 4)	1	0	718465	600171	25	24
(4, 6, 4)	2	0	457349	477717	14	14
(6, 4, 4)	2	0	456449	600084	20	20
(4, 7, 4)	1	0	704619	479481	33	32
(7, 4, 4)	2	0	467761	619740	25	25
(4, 8, 4)	1	0	719229	528889	29	28
(8, 4, 4)	2	0	438786	600055	23	23
(4, 9, 4)	2	0	689473	262203	28	28
(9, 4, 4)	2	0	266588	557331	20	20
(4, 10, 4)	1	0	846104	933787	55	54
(10, 4, 4)	2	0	797651	689421	29	29
(4, 11, 4)	1	0	732982	499486	37	36
(11, 4, 4)	2	0	448804	746077	39	39
(4, 12, 4)	1	0	770619	811345	43	42
(12, 4, 4)	2	0	844490	689605	32	32
(4, 13, 4)	1	0	673224	236316	35	34
(13, 4, 4)	2	0	82170	534062	18	18
(4, 14, 4)	1	0	579116	648564	22	21
(14, 4, 4)	2	0	466779	399430	12	12
(4, 15, 4)	2	0	704579	655989	33	33
(15, 4, 4)	2	0	697104	656418	30	30
(5, 6, 4)	1	0	504177	502438	21	20
(6, 5, 4)	2	0	763638	742585	26	26
(5, 7, 4)	2	0	573926	282171	22	22
(7, 5, 4)	2	0	775860	911111	71	71
(5, 8, 4)	2	0	523546	235835	17	17
(8, 5, 4)	1	0	548176	838997	29	28
(5, 9, 4)	2	0	731744	260885	27	27
(9, 5, 4)	1	0	306254	830444	34	33
(5, 10, 4)	1	0	307446	360409	15	14
(10, 5, 4)	2	0	819102	645816	23	23
(5, 11, 4)	1	0	741114	375734	32	31
(11, 5, 4)	2	0	428926	820525	41	41
(5, 12, 4)	2	0	885846	871556	37	37
(12, 5, 4)	1	0	744056	795213	31	30
(5, 13, 4)	1	0	675527	236008	27	26
(13, 5, 4)	2	0	60345	244339	14	14
(5, 14, 4)	1	0	773494	710228	25	24
(14, 5, 4)	2	0	655339	494390	18	18
(5, 15, 4)	1	0	833665	832991	53	52
(15, 5, 4)	2	0	473940	562336	22	22
(6, 7, 4)	1	0	712788	558099	37	36
(7, 6, 4)	2	0	556965	711939	43	43
(6, 8, 4)	1	0	469670	420640	24	23
(8, 6, 4)	1	0	452931	718612	22	21
(6, 9, 4)	1	0	939261	630946	57	56
(9, 6, 4)	2	0	176533	430775	15	15
(6, 10, 4)	1	0	362543	562909	18	17
(10, 6, 4)	2	0	969280	893172	52	52
(6, 11, 4)	1	0	274715	166086	17	16
(11, 6, 4)	1	0	286318	447173	22	21
(6, 12, 4)	2	0	491756	382842	23	23
(12, 6, 4)	1	0	258522	379142	25	24
(6, 13, 4)	1	0	694659	487097	34	33
(13, 6, 4)	2	0	483472	825169	47	47
(6, 14, 4)	1	0	394813	678653	21	20
(14, 6, 4)	2	0	672607	468516	24	24
(6, 15, 4)	1	0	743451	655952	40	39
(15, 6, 4)	2	0	651382	739414	37	37
(7, 8, 4)	2	0	395817	297968	23	23
(8, 7, 4)	2	0	434899	321386	22	22
(7, 9, 4)	2	0	405903	267037	31	31
(9, 7, 4)	1	0	163562	323954	24	23
(7, 10, 4)	1	0	362197	719360	24	23
(10, 7, 4)	2	0	899788	564324	41	41
(7, 11, 4)	1	0	310132	245746	21	20
(11, 7, 4)	2	0	239480	272387	22	22
(7, 12, 4)	1	0	621322	848641	50	49
(12, 7, 4)	1	0	603863	427744	27	26
(7, 13, 4)	2	0	776778	983713	59	59
(13, 7, 4)	2	0	635570	585985	43	43
(7, 14, 4)	1	0	258003	568431	19	18
(14, 7, 4)	2	0	860742	576076	32	32
(7, 15, 4)	1	0	161930	191732	14	13
(15, 7, 4)	2	0	375770	265279	24	24
(8, 9, 4)	1	0	93286	146393	14	13
(9, 8, 4)	2	0	258687	447433	21	21
(8, 10, 4)	1	0	264544	503311	16	15
(10, 8, 4)	2	0	886558	523353	30	30
(8, 11, 4)	1	0	523351	367602	29	28
(11, 8, 4)	2	0	555090	660933	46	46
(8, 12, 4)	1	0	444270	777843	25	24
(12, 8, 4)	1	0	395234	391501	30	29
(8, 13, 4)	1	0	261763	121833	14	13
(13, 8, 4)	1	0	151127	412864	25	24
(8, 14, 4)	1	0	322602	557110	16	15
(14, 8, 4)	2	0	655454	393945	18	18
(8, 15, 4)	1	0	93993	191550	15	14
(15, 8, 4)	2	0	619761	381626	28	28
(9, 10, 4)	2	0	193805	606225	19	19
(10, 9, 4)	1	0	523420	158887	15	14
(9, 11, 4)	1	0	245313	348727	27	26
(11, 9, 4)	2	0	333409	243280	26	26
(9, 12, 4)	2	0	304196	372138	31	31
(12, 9, 4)	2	0	947530	535206	54	54
(9, 13, 4)	2	0	219318	138754	22	22
(13, 9, 4)	2	0	782784	527445	62	62
(9, 14, 4)	1	0	218532	658158	22	21
(14, 9, 4)	2	0	364260	54090	17	17
(9, 15, 4)	1	0	378611	768361	40	39
(15, 9, 4)	2	0	329743	244117	26	26
(10, 11, 4)	1	0	975833	669883	53	52
(11, 10, 4)	1	0	113436	406474	14	13
(10, 12, 4)	2	0	976372	924899	61	61
(12, 10, 4)	1	0	307805	572355	22	21
(10, 13, 4)	2	0	818723	58797	23	23
(13, 10, 4)	1	0	52042	514786	18	17
(10, 14, 4)	2	0	757688	613209	26	26
(14, 10, 4)	2	0	790194	845793	33	33
(10, 15, 4)	1	0	930402	695205	36	35
(15, 10, 4)	1	0	917723	997725	82	81
(11, 12, 4)	2	0	657733	962947	55	55
(12, 11, 4)	1	0	404934	293202	27	26
(11, 13, 4)	2	0	496906	159357	39	39
(13, 11, 4)	1	0	229643	307825	24	23
(11, 14, 4)	2	0	370330	746950	34	34
(14, 11, 4)	1	0	955494	647271	58	57
(11, 15, 4)	1	0	350068	583202	34	33
(15, 11, 4)	2	0	632081	440863	35	35
(12, 13, 4)	1	0	623727	136622	33	32
(13, 12, 4)	1	0	817286	896493	44	43
(12, 14, 4)	1	0	299318	496267	14	13
(14, 12, 4)	1	0	665460	746122	29	28
(12, 15, 4)	1	0	611329	572095	32	31
(15, 12, 4)	1	0	487116	552206	27	26
(13, 14, 4)	2	0	470578	886902	40	40
(14, 13, 4)	2	0	866098	763806	39	39
(13, 15, 4)	2	0	70356	329518	20	20
(15, 13, 4)	1	0	829572	932119	54	53
(14, 15, 4)	2	0	546351	399085	22	22
(15, 14, 4)	2	0	386281	591137	17	17
(0, 1, 5)	2	0	140972	241970	16	16
(1, 0, 5)	2	0	673051	300514	35	35
(0, 2, 5)	1	0	308105	359615	31	30
(2, 0, 5)	2	0	349216	40512	14	14
(0, 3, 5)	2	0	145875	114675	16	16
(3, 0, 5)	2	0	121247	31292	12	12
(0, 4, 5)	1	0	235380	557475	20	19
(4, 0, 5)	2	0	557070	148426	22	22
(0, 5, 5)	2	0	140179	399254	18	18
(5, 0, 5)	2	0	660543	211564	21	21
(0, 6, 5)	2	0	139338	187147	16	16
(6, 0, 5)	2	0	750083	327705	34	34
(0, 7, 5)	1	0	236515	409134	28	27
(7, 0, 5)	2	0	343914	171725	24	24
(0, 8, 5)	1	0	133942	306213	20	19
(8, 0, 5)	2	0	430998	195988	25	25
(0, 9, 5)	1	0	433641	342167	30	29
(9, 0, 5)	2	0	266065	200200	21	21
(0, 10, 5)	1	0	264258	767756	26	25
(10, 0, 5)	2	0	533937	71873	15	15
(0, 11, 5)	1	0	151443	281536	26	25
(11, 0, 5)	2	0	153185	55472	15	15
(0, 12, 5)	2	0	141912	245280	17	17
(12, 0, 5)	2	0	381479	37146	14	14
(0, 13, 5)	2	0	140506	26476	16	16
(13, 0, 5)	2	0	39128	61326	15	15
(0, 14, 5)	1	0	139339	355067	17	16
(14, 0, 5)	2	0	848764	408378	38	38
(0, 15, 5)	1	0	105351	270980	22	21
(15, 0, 5)	2	0	424976	107069	23	23
(1, 2, 5)	2	0	817227	663110	41	41
(2, 1, 5)	2	0	282151	107328	17	17
(1, 3, 5)	1	0	65708	89480	15	14
(3, 1, 5)	2	0	131836	102255	10	10
(1, 4, 5)	2	0	373261	656338	27	27
(4, 1, 5)	2	0	600058	319085	25	25
(1, 5, 5)	1	0	58795	400629	18	17
(5, 1, 5)	2	0	782102	594659	28	28
(1, 6, 5)	1	0	808144	970657	52	51
(6, 1, 5)	2	0	676480	746262	32	32
(1, 7, 5)	1	0	125814	220237	14	13
(7, 1, 5)	2	0	359540	401389	27	27
(1, 8, 5)	1	0	509144	584601	31	30
(8, 1, 5)	2	0	494746	496631	34	34
(1, 9, 5)	1	0	125854	224639	22	21
(9, 1, 5)	2	0	216932	298369	19	19
(1, 10, 5)	1	0	331735	483563	23	22
(10, 1, 5)	2	0	483265	96788	19	19
(1, 11, 5)	1	0	245991	141004	20	19
(11, 1, 5)	2	0	145968	188237	17	17
(1, 12, 5)	1	0	651326	711781	36	35
(12, 1, 5)	2	0	963000	907022	50	50
(1, 13, 5)	1	0	808153	400288	34	33
(13, 1, 5)	2	0	31579	235918	18	18
(1, 14, 5)	1	0	336746	594190	20	19
(14, 1, 5)	2	0	710925	676351	31	31
(1, 15, 5)	1	0	586005	556895	24	23
(15, 1, 5)	2	0	596968	543608	26	26
(2, 3, 5)	2	0	805911	836408	42	42
(3, 2, 5)	2	0	124250	88794	12	12
(2, 4, 5)	2	0	406659	599970	19	19
(4, 2, 5)	1	0	733273	549391	29	28
(2, 5, 5)	1	0	55109	390703	15	14
(5, 2, 5)	2	0	684478	418234	32	32
(2, 6, 5)	1	0	300762	444681	15	14
(6, 2, 5)	2	0	877872	572765	34	34
(2, 7, 5)	1	0	540963	576831	44	43
(7, 2, 5)	2	0	590032	493210	39	39
(2, 8, 5)	1	0	663387	610243	35	34
(8, 2, 5)	2	0	402578	320768	24	24
(2, 9, 5)	1	0	416043	275919	27	26
(9, 2, 5)	2	0	357856	408996	30	30
(2, 10, 5)	1	0	481762	877884	32	31
(10, 2, 5)	2	0	872797	447259	33	33
(2, 11, 5)	1	0	421510	468973	38	37
(11, 2, 5)	2	0	549264	527258	41	41
(2, 12, 5)	1	0	500383	825701	35	34
(12, 2, 5)	2	0	779717	380035	32	32
(2, 13, 5)	1	0	526402	275824	30	29
(13, 2, 5)	2	0	194396	440071	22	22
(2, 14, 5)	1	0	270303	675637	27	26
(14, 2, 5)	2	0	748970	281514	20	20
(2, 15, 5)	1	0	120890	198327	16	15
(15, 2, 5)	2	0	346995	159373	28	28
(3, 4, 5)	1	0	712286	792409	42	41
(4, 3, 5)	1	0	746169	538616	32	31
(3, 5, 5)	1	0	108820	255405	14	13
(5, 3, 5)	1	0	680202	319283	19	18
(3, 6, 5)	2	0	178680	81181	11	11
(6, 3, 5)	2	0	364550	145505	16	16
(3, 7, 5)	2	0	189880	195972	12	12
(7, 3, 5)	1	0	212110	303332	19	18
(3, 8, 5)	2	0	407404	391693	19	19
(8, 3, 5)	2	0	656327	527971	34	34
(3, 9, 5)	2	0	184354	34384	11	11
(9, 3, 5)	2	0	241050	236048	22	22
(3, 10, 5)	2	0	117764	202955	12	12
(10, 3, 5)	2	0	787873	422071	29	29
(3, 11, 5)	2	0	120126	79191	12	12
(11, 3, 5)	2	0	416401	646228	32	32
(3, 12, 5)	2	0	119218	234337	12	12
(12, 3, 5)	2	0	914135	881796	46	46
(3, 13, 5)	2	0	189353	17275	11	11
(13, 3, 5)	2	0	295697	590786	33	33
(3, 14, 5)	1	0	175578	573092	17	16
(14, 3, 5)	2	0	474035	142795	19	19
(3, 15, 5)	1	0	109885	120383	14	13
(15, 3, 5)	2	0	612757	583234	30	30
(4, 5, 5)	2	0	399447	409474	15	15
(5, 4, 5)	2	0	426581	579320	21	21
(4, 6, 5)	2	0	484437	564165	19	19
(6, 4, 5)	1	0	424152	534179	19	18
(4, 7, 5)	1	0	781754	625636	45	44
(7, 4, 5)	2	0	552406	770303	38	38
(4, 8, 5)	1	0	802587	664896	37	36
(8, 4, 5)	1	0	321026	510010	20	19
(4, 9, 5)	1	0	599977	283383	20	19
(9, 4, 5)	2	0	239140	619720	21	21
(4, 10, 5)	1	0	746223	797776	36	35
(10, 4, 5)	2	0	472470	534204	17	17
(4, 11, 5)	1	0	758735	534877	45	44
(11, 4, 5)	2	0	397986	719301	36	36
(4, 12, 5)	2	0	704922	623607	38	38
(12, 4, 5)	2	0	542129	638581	26	26
(4, 13, 5)	1	0	733130	408248	35	34
(13, 4, 5)	2	0	25451	368112	12	12
(4, 14, 5)	1	0	656205	605552	27	26
(14, 4, 5)	2	0	878357	733026	36	36
(4, 15, 5)	2	0	457299	373282	16	16
(15, 4, 5)	2	0	606110	689266	28	28
(5, 6, 5)	2	0	793448	793264	36	36
(6, 5, 5)	2	0	409700	298000	17	17
(5, 7, 5)	1	0	829874	542055	33	32
(7, 5, 5)	2	0	519518	734900	36	36
(5, 8, 5)	2	0	433744	239605	16	16
(8, 5, 5)	2	0	484299	640576	32	32
(5, 9, 5)	1	0	710937	356199	30	29
(9, 5, 5)	2	0	214252	563183	21	21
(5, 10, 5)	1	0	629147	844935	30	29
(10, 5, 5)	2	0	744265	603931	26	26
(5, 11, 5)	1	0	795899	406983	37	36
(11, 5, 5)	2	0	153553	263898	16	16
(5, 12, 5)	2	0	696784	464582	25	25
(12, 5, 5)	1	0	201407	228532	18	17
(5, 13, 5)	1	0	555253	153462	28	27
(13, 5, 5)	1	0	28699	265678	14	13
(5, 14, 5)	2	0	612762	628752	26	26
(14, 5, 5)	2	0	858692	852130	40	40
(5, 15, 5)	2	0	717325	702271	35	35
(15, 5, 5)	2	0	403699	503962	21	21
(6, 7, 5)	1	0	600561	264334	24	23
(7, 6, 5)	2	0	630185	770938	39	39
(6, 8, 5)	1	0	439126	305336	21	20
(8, 6, 5)	1	0	879675	962219	57	56
(6, 9, 5)	2	0	725313	282644	28	28
(9, 6, 5)	2	0	434053	798692	34	34
(6, 10, 5)	1	0	861470	952281	46	45
(10, 6, 5)	2	0	376530	200600	17	17
(6, 11, 5)	1	0	631455	327989	27	26
(11, 6, 5)	2	0	153176	418886	18	18
(6, 12, 5)	2	0	728130	645890	32	32
(12, 6, 5)	2	0	669042	531531	24	24
(6, 13, 5)	2	0	790411	195039	35	35
(13, 6, 5)	2	0	41408	195377	12	12
(6, 14, 5)	1	0	711761	840219	36	35
(14, 6, 5)	2	0	796600	773522	36	36
(6, 15, 5)	2	0	296658	235021	18	18
(15, 6, 5)	2	0	537918	676400	25	25
(7, 8, 5)	2	0	465032	494789	27	27
(8, 7, 5)	1	0	421968	367762	28	27
(7, 9, 5)	2	0	625029	374150	41	41
(9, 7, 5)	2	0	393937	454538	33	33
(7, 10, 5)	1	0	310088	638704	26	25
(10, 7, 5)	1	0	502896	159521	13	12
(7, 11, 5)	1	0	476922	438124	31	30
(11, 7, 5)	1	0	351346	488597	35	34
(7, 12, 5)	2	0	553031	634471	30	30
(12, 7, 5)	1	0	395887	162863	13	12
(7, 13, 5)	1	0	506215	311514	33	32
(13, 7, 5)	2	0	40491	237639	22	22
(7, 14, 5)	1	0	379735	637051	26	25
(14, 7, 5)	2	0	577557	236254	21	21
(7, 15, 5)	1	0	113810	230884	13	12
(15, 7, 5)	2	0	445092	396838	25	25
(8, 9, 5)	2	0	798504	500610	51	51
(9, 8, 5)	2	0	290709	419499	25	25
(8, 10, 5)	2	0	514179	718024	23	23
(10, 8, 5)	2	0	866948	584403	33	33
(8, 11, 5)	1	0	420742	263850	27	26
(11, 8, 5)	1	0	171517	259016	23	22
(8, 12, 5)	2	0	565648	693661	34	34
(12, 8, 5)	1	0	569625	359756	23	22
(8, 13, 5)	2	0	652940	605344	35	35
(13, 8, 5)	2	0	716260	831535	49	49
(8, 14, 5)	1	0	391309	656320	27	26
(14, 8, 5)	2	0	889928	604584	36	36
(8, 15, 5)	1	0	212438	269176	22	21
(15, 8, 5)	2	0	607579	547467	31	31
(9, 10, 5)	1	0	279724	849522	34	33
(10, 9, 5)	2	0	382541	106825	17	17
(9, 11, 5)	1	0	291439	307130	33	32
(11, 9, 5)	2	0	395926	439349	44	44
(9, 12, 5)	2	0	213439	463050	19	19
(12, 9, 5)	1	0	463614	281232	25	24
(9, 13, 5)	1	0	228135	82223	20	19
(13, 9, 5)	1	0	150183	237635	21	20
(9, 14, 5)	1	0	212718	654882	26	25
(14, 9, 5)	2	0	937751	352576	33	33
(9, 15, 5)	1	0	90503	304842	19	18
(15, 9, 5)	1	0	492223	335433	30	29
(10, 11, 5)	1	0	847583	426828	35	34
(11, 10, 5)	2	0	874895	996099	88	88
(10, 12, 5)	2	0	517992	189165	17	17
(12, 10, 5)	1	0	699894	851944	41	40
(10, 13, 5)	2	0	593152	58685	14	14
(13, 10, 5)	2	0	23739	153440	12	12
(10, 14, 5)	1	0	831145	620737	25	24
(14, 10, 5)	2	0	703835	749274	26	26
(10, 15, 5)	1	0	913394	460544	41	40
(15, 10, 5)	2	0	330958	536104	18	18
(11, 12, 5)	2	0	153399	205942	15	15
(12, 11, 5)	1	0	750243	425341	43	42
(11, 13, 5)	2	0	153238	23121	16	16
(13, 11, 5)	1	0	114553	376775	36	35
(11, 14, 5)	1	0	432380	785836	39	38
(14, 11, 5)	2	0	731351	350765	31	31
(11, 15, 5)	2	0	172781	400781	21	21
(15, 11, 5)	2	0	297182	214375	20	20
(12, 13, 5)	1	0	596352	137161	37	36
(13, 12, 5)	2	0	34096	226350	18	18
(12, 14, 5)	1	0	664357	771181	32	31
(14, 12, 5)	2	0	681350	630999	30	30
(12, 15, 5)	1	0	254961	118232	14	13
(15, 12, 5)	2	0	512846	418078	25	25
(13, 14, 5)	1	0	94820	568002	24	23
(14, 13, 5)	2	0	894908	787248	39	39
(13, 15, 5)	1	0	40900	392587	19	18
(15, 13, 5)	2	0	610400	315498	40	40
(14, 15, 5)	1	0	774489	750107	40	39
(15, 14, 5)	1	0	471197	686833	26	25
(0, 1, 6)	1	0	697531	841680	46	45
(1, 0, 6)	2	0	745009	500412	36	36
(0, 2, 6)	1	0	179914	172073	12	11
(2, 0, 6)	2	0	378306	295736	26	26
(0, 3, 6)	2	0	666470	678845	42	42
(3, 0, 6)	2	0	379177	110596	13	13
(0, 4, 6)	1	0	631679	673401	31	30
(4, 0, 6)	2	0	638500	155036	24	24
(0, 5, 6)	1	0	182736	679269	21	20
(5, 0, 6)	2	0	785601	464819	35	35
(0, 6, 6)	1	0	192554	582233	24	23
(6, 0, 6)	2	0	640394	243509	19	19
(0, 7, 6)	1	0	328782	447441	34	33
(7, 0, 6)	2	0	372772	254879	24	24
(0, 8, 6)	1	0	229402	144097	11	10
(8, 0, 6)	2	0	364235	206158	24	24
(0, 9, 6)	1	0	200345	180649	18	17
(9, 0, 6)	2	0	300197	240017	23	23
(0, 10, 6)	1	0	265607	774614	26	25
(10, 0, 6)	2	0	804198	307369	33	33
(0, 11, 6)	1	0	194927	205509	21	20
(11, 0, 6)	2	0	266642	177387	24	24
(0, 12, 6)	2	0	741080	835689	43	43
(12, 0, 6)	2	0	728628	246036	26	26
(0, 13, 6)	1	0	181765	46241	15	14
(13, 0, 6)	2	0	462185	345091	29	29
(0, 14, 6)	1	0	106991	449622	13	12
(14, 0, 6)	2	0	750870	270894	27	27
(0, 15, 6)	1	0	245081	529855	24	23
(15, 0, 6)	2	0	515097	272162	28	28
(1, 2, 6)	1	0	302335	366209	25	24
(2, 1, 6)	1	0	312055	718729	25	24
(1, 3, 6)	1	0	542703	437366	23	22
(3, 1, 6)	2	4	263244	379337	11	11
(1, 4, 6)	2	0	937913	896525	59	59
(4, 1, 6)	2	0	770614	687750	34	34
(1, 5, 6)	1	0	271302	474372	16	15
(5, 1, 6)	2	0	625624	279719	22	22
(1, 6, 6)	1	0	281489	448442	20	19
(6, 1, 6)	2	0	595969	305681	21	21
(1, 7, 6)	1	0	345819	291532	23	22
(7, 1, 6)	2	0	587661	514324	36	36
(1, 8, 6)	1	0	294322	397894	32	31
(8, 1, 6)	2	0	434264	451099	23	23
(1, 9, 6)	1	0	86813	98914	14	13
(9, 1, 6)	2	0	324181	449627	26	26
(1, 10, 6)	1	0	286303	542987	23	22
(10, 1, 6)	2	0	574315	389294	24	24
(1, 11, 6)	1	0	187478	274958	22	21
(11, 1, 6)	2	0	371609	488893	31	31
(1, 12, 6)	1	0	569435	681216	31	30
(12, 1, 6)	2	0	758758	362373	37	37
(1, 13, 6)	1	0	313613	100014	28	27
(13, 1, 6)	2	0	202317	333194	25	25
(1, 14, 6)	1	0	484762	503355	22	21
(14, 1, 6)	2	0	499177	234607	13	13
(1, 15, 6)	1	0	259623	370064	18	17
(15, 1, 6)	1	0	744250	777167	44	43
(2, 3, 6)	1	0	180027	253929	17	16
(3, 2, 6)	2	0	667408	474522	22	22
(2, 4, 6)	1	0	391326	557370	24	23
(4, 2, 6)	2	0	600015	317015	26	26
(2, 5, 6)	1	0	392678	587295	22	21
(5, 2, 6)	2	0	374421	194628	16	16
(2, 6, 6)	1	0	654475	803320	35	34
(6, 2, 6)	2	0	727237	331894	22	22
(2, 7, 6)	1	0	334103	407097	24	23
(7, 2, 6)	2	0	428369	242889	39	39
(2, 8, 6)	2	0	418998	386968	21	21
(8, 2, 6)	1	0	203485	168147	15	14
(2, 9, 6)	1	0	714812	504506	38	37
(9, 2, 6)	2	0	292865	356691	22	22
(2, 10, 6)	1	0	166975	671897	24	23
(10, 2, 6)	2	0	851887	568511	34	34
(2, 11, 6)	1	0	367959	349563	28	27
(11, 2, 6)	2	0	236314	314738	24	24
(2, 12, 6)	1	0	568320	906145	41	40
(12, 2, 6)	2	0	954347	801643	59	59
(2, 13, 6)	1	0	282055	117700	25	24
(13, 2, 6)	2	0	832326	471023	35	35
(2, 14, 6)	1	0	259508	554418	17	16
(14, 2, 6)	2	0	736393	307828	28	28
(2, 15, 6)	1	0	129371	273084	17	16
(15, 2, 6)	2	0	375913	356277	24	24
(3, 4, 6)	2	0	466166	509891	17	17
(4, 3, 6)	2	0	896356	982373	53	53
(3, 5, 6)	2	4	700362	814827	25	25
(5, 3, 6)	2	0	627388	278438	19	19
(3, 6, 6)	1	0	698925	782085	32	31
(6, 3, 6)	2	0	581026	455790	23	23
(3, 7, 6)	1	0	498750	452281	27	26
(7, 3, 6)	2	0	526530	848310	31	31
(3, 8, 6)	2	0	356681	222468	17	17
(8, 3, 6)	2	0	359933	488685	23	23
(3, 9, 6)	2	4	515859	374074	24	24
(9, 3, 6)	2	0	313231	540563	25	25
(3, 10, 6)	2	4	220229	451807	8	8
(10, 3, 6)	2	0	811508	510196	35	35
(3, 11, 6)	2	0	98298	55192	7	7
(11, 3, 6)	2	0	345155	437184	27	27
(3, 12, 6)	1	0	356694	540407	28	27
(12, 3, 6)	1	0	434843	276133	12	11
(3, 13, 6)	1	0	464469	477652	34	33
(13, 3, 6)	2	0	208966	569154	31	31
(3, 14, 6)	1	0	289325	434479	14	13
(14, 3, 6)	2	0	852191	625542	29	29
(3, 15, 6)	1	0	739487	565320	34	33
(15, 3, 6)	2	0	526266	617557	26	26
(4, 5, 6)	1	0	656338	639779	25	24
(5, 4, 6)	2	0	796579	638598	23	23
(4, 6, 6)	1	0	557143	526595	20	19
(6, 4, 6)	2	0	634341	746191	30	30
(4, 7, 6)	1	0	638527	407780	26	25
(7, 4, 6)	1	0	143260	300245	12	11
(4, 8, 6)	2	0	300211	161888	13	13
(8, 4, 6)	2	0	554947	689365	29	29
(4, 9, 6)	1	0	656412	295652	25	24
(9, 4, 6)	2	0	496131	846274	43	43
(4, 10, 6)	1	0	719330	891062	40	39
(10, 4, 6)	2	0	806141	719396	31	31
(4, 11, 6)	1	0	802765	536071	40	39
(11, 4, 6)	2	0	557787	830202	48	48
(4, 12, 6)	1	0	689537	728598	30	29
(12, 4, 6)	2	0	860320	758801	36	36
(4, 13, 6)	1	0	846182	770665	48	47
(13, 4, 6)	2	0	740066	719277	30	30
(4, 14, 6)	1	0	367972	450039	13	12
(14, 4, 6)	1	0	552358	334935	15	14
(4, 15, 6)	1	0	484677	304331	16	15
(15, 4, 6)	2	0	447221	579235	22	22
(5, 6, 6)	2	0	601141	530374	22	22
(6, 5, 6)	1	0	534855	601729	20	19
(5, 7, 6)	2	0	293373	181857	19	19
(7, 5, 6)	2	0	490787	771206	32	32
(5, 8, 6)	2	0	930152	748638	49	49
(8, 5, 6)	1	0	160395	300640	11	10
(5, 9, 6)	1	0	777947	439458	32	31
(9, 5, 6)	1	0	74688	497309	22	21
(5, 10, 6)	1	0	498514	506112	20	19
(10, 5, 6)	1	0	629396	598599	19	18
(5, 11, 6)	1	0	664065	342662	26	25
(11, 5, 6)	1	0	474896	880009	36	35
(5, 12, 6)	1	0	802076	791280	33	32
(12, 5, 6)	1	0	131586	232604	12	11
(5, 13, 6)	2	0	673397	101753	19	19
(13, 5, 6)	1	0	197797	334381	23	22
(5, 14, 6)	1	0	336240	418746	12	11
(14, 5, 6)	2	0	711976	756254	26	26
(5, 15, 6)	1	0	717350	561874	31	30
(15, 5, 6)	1	0	405212	457050	22	21
(6, 7, 6)	2	0	876688	646128	38	38
(7, 6, 6)	2	0	601790	685708	40	40
(6, 8, 6)	2	0	573471	418817	21	21
(8, 6, 6)	1	0	312125	479744	19	18
(6, 9, 6)	1	0	922547	574488	46	45
(9, 6, 6)	1	0	180893	592666	21	20
(6, 10, 6)	1	0	353821	543468	19	18
(10, 6, 6)	1	0	942550	807932	38	37
(6, 11, 6)	1	0	789187	414560	34	33
(11, 6, 6)	1	0	185021	499377	23	22
(6, 12, 6)	2	0	535460	543329	26	26
(12, 6, 6)	1	0	641247	463487	25	24
(6, 13, 6)	2	0	547382	111633	20	20
(13, 6, 6)	1	0	71546	479266	19	18
(6, 14, 6)	1	0	264965	468916	15	14
(14, 6, 6)	2	0	670088	564528	23	23
(6, 15, 6)	1	0	645461	632728	32	31
(15, 6, 6)	1	0	332794	381366	20	19
(7, 8, 6)	1	0	910223	952081	96	95
(8, 7, 6)	1	0	141016	180513	15	14
(7, 9, 6)	2	0	491685	269715	29	29
(9, 7, 6)	1	0	437944	652368	40	39
(7, 10, 6)	1	0	600732	951056	48	47
(10, 7, 6)	2	0	644402	325782	20	20
(7, 11, 6)	1	0	540847	500638	40	39
(11, 7, 6)	2	0	328818	388909	27	27
(7, 12, 6)	1	0	869033	988495	88	87
(12, 7, 6)	1	0	259703	160893	15	14
(7, 13, 6)	1	0	384819	182920	26	25
(13, 7, 6)	1	0	312253	493250	33	32
(7, 14, 6)	1	0	245346	512308	20	19
(14, 7, 6)	1	0	551943	253330	21	20
(7, 15, 6)	1	0	341400	474030	22	21
(15, 7, 6)	2	0	627403	422938	26	26
(8, 9, 6)	2	0	485808	263256	26	26
(9, 8, 6)	2	0	288231	470603	23	23
(8, 10, 6)	1	0	405049	741048	25	24
(10, 8, 6)	2	0	737817	357575	27	27
(8, 11, 6)	1	0	241803	224609	19	18
(11, 8, 6)	2	0	300907	476401	27	27
(8, 12, 6)	2	0	496722	591319	26	26
(12, 8, 6)	2	0	930066	679295	43	43
(8, 13, 6)	1	0	160363	43486	14	13
(13, 8, 6)	2	0	393884	593921	35	35
(8, 14, 6)	1	0	111395	421457	16	15
(14, 8, 6)	2	0	806198	558451	29	29
(8, 15, 6)	1	0	513061	629754	27	26
(15, 8, 6)	2	0	511989	303418	22	22
(9, 10, 6)	1	0	104707	454533	21	20
(10, 9, 6)	2	0	928487	396614	45	45
(9, 11, 6)	1	0	322608	464027	30	29
(11, 9, 6)	2	0	293791	263699	27	27
(9, 12, 6)	2	0	342804	726401	34	34
(12, 9, 6)	1	0	830989	382018	37	36
(9, 13, 6)	2	0	210698	305147	21	21
(13, 9, 6)	1	0	693140	415258	33	32
(9, 14, 6)	2	0	207825	526032	18	18
(14, 9, 6)	1	0	884112	372095	38	37
(9, 15, 6)	1	0	66070	307396	16	15
(15, 9, 6)	2	0	232425	95100	19	19
(10, 11, 6)	1	0	838087	449545	36	35
(11, 10, 6)	1	0	87201	413242	17	16
(10, 12, 6)	2	0	606889	336671	23	23
(12, 10, 6)	1	0	398799	412759	17	16
(10, 13, 6)	1	0	803414	183761	23	22
(13, 10, 6)	1	0	267795	668032	24	23
(10, 14, 6)	1	0	386715	506719	17	16
(14, 10, 6)	2	0	670871	732106	21	21
(10, 15, 6)	2	0	883573	686923	42	42
(15, 10, 6)	1	0	276259	411436	21	20
(11, 12, 6)	2	0	202301	395308	20	20
(12, 11, 6)	2	0	880160	392937	36	36
(11, 13, 6)	1	0	214151	206051	21	20
(13, 11, 6)	1	0	364980	367730	29	28
(11, 14, 6)	1	0	89769	451529	13	12
(14, 11, 6)	2	0	639468	279045	19	19
(11, 15, 6)	1	0	372109	652129	30	29
(15, 11, 6)	1	0	403647	290653	28	27
(12, 13, 6)	1	0	621475	144632	27	26
(13, 12, 6)	2	0	128453	337331	17	17
(12, 14, 6)	1	0	608562	494533	22	21
(14, 12, 6)	2	0	691866	580265	29	29
(12, 15, 6)	2	0	718849	530663	36	36
(15, 12, 6)	2	0	455012	700558	28	28
(13, 14, 6)	1	0	71878	275054	21	20
(14, 13, 6)	2	0	675990	188999	21	21
(13, 15, 6)	1	0	710050	742655	39	38
(15, 13, 6)	1	0	477950	109415	26	25
(14, 15, 6)	2	0	531300	227428	16	16
(15, 14, 6)	2	0	635760	568538	29	29
(0, 1, 7)	1	0	369652	645101	30	29
(1, 0, 7)	2	0	607756	180939	26	26
(0, 2, 7)	1	0	336620	478207	21	20
(2, 0, 7)	2	0	646870	641337	45	45
(0, 3, 7)	2	0	782995	880443	48	48
(3, 0, 7)	2	0	97519	56409	12	12
(0, 4, 7)	1	0	114501	484372	20	19
(4, 0, 7)	2	0	429243	76128	13	13
(0, 5, 7)	1	0	413264	603637	22	21
(5, 0, 7)	2	0	489506	52598	18	18
(0, 6, 7)	1	0	279480	476552	14	13
(6, 0, 7)	2	0	463321	96333	17	17
(0, 7, 7)	1	0	397951	442577	29	28
(7, 0, 7)	2	0	516249	337608	33	33
(0, 8, 7)	1	0	288067	434677	21	20
(8, 0, 7)	2	0	442393	402422	26	26
(0, 9, 7)	1	0	250280	217661	20	19
(9, 0, 7)	2	0	248577	176985	21	21
(0, 10, 7)	1	0	194550	711718	22	21
(10, 0, 7)	2	0	525801	169187	19	19
(0, 11, 7)	1	0	208421	343970	28	27
(11, 0, 7)	2	0	311698	222391	26	26
(0, 12, 7)	1	0	176919	595749	25	24
(12, 0, 7)	2	0	739315	218438	31	31
(0, 13, 7)	1	0	355988	246861	22	21
(13, 0, 7)	2	0	65852	154502	17	17
(0, 14, 7)	1	0	291934	464990	23	22
(14, 0, 7)	2	0	612481	276376	21	21
(0, 15, 7)	1	0	340845	254358	19	18
(15, 0, 7)	2	0	316272	83435	19	19
(1, 2, 7)	1	0	899106	821549	75	74
(2, 1, 7)	2	0	564455	476511	32	32
(1, 3, 7)	1	0	67210	152590	12	11
(3, 1, 7)	2	0	110861	119513	12	12
(1, 4, 7)	1	0	234211	484425	20	19
(4, 1, 7)	2	0	719497	737939	34	34
(1, 5, 7)	1	0	464314	780382	31	30
(5, 1, 7)	2	0	470443	98191	18	18
(1, 6, 7)	1	0	156976	348973	14	13
(6, 1, 7)	2	0	401655	85768	18	18
(1, 7, 7)	1	0	682757	564110	39	38
(7, 1, 7)	2	0	337745	307622	30	30
(1, 8, 7)	1	0	535212	649119	42	41
(8, 1, 7)	2	0	451464	410947	34	34
(1, 9, 7)	1	0	385295	216253	20	19
(9, 1, 7)	2	0	343012	466752	30	30
(1, 10, 7)	1	0	482283	843837	31	30
(10, 1, 7)	2	0	791502	378091	31	31
(1, 11, 7)	1	0	465634	385520	29	28
(11, 1, 7)	2	0	315997	268418	28	28
(1, 12, 7)	1	0	287796	636572	29	28
(12, 1, 7)	2	0	823465	396057	27	27
(1, 13, 7)	1	0	683234	550558	34	33
(13, 1, 7)	2	0	357409	636609	39	39
(1, 14, 7)	1	0	215093	584717	17	16
(14, 1, 7)	2	0	653759	441523	24	24
(1, 15, 7)	1	0	168261	353866	18	17
(15, 1, 7)	2	0	318537	161120	23	23
(2, 3, 7)	1	0	82604	155189	14	13
(3, 2, 7)	2	0	110223	112930	7	7
(2, 4, 7)	1	0	290096	619688	25	24
(4, 2, 7)	1	0	926285	886312	64	63
(2, 5, 7)	1	0	459485	878427	37	36
(5, 2, 7)	1	0	221115	128542	15	14
(2, 6, 7)	1	0	147059	350369	12	11
(6, 2, 7)	2	0	820999	489374	30	30
(2, 7, 7)	1	0	321536	388631	25	24
(7, 2, 7)	1	0	130623	131118	15	14
(2, 8, 7)	1	0	315743	354443	25	24
(8, 2, 7)	2	0	933494	934340	81	81
(2, 9, 7)	1	0	512062	388204	32	31
(9, 2, 7)	2	0	258818	183632	25	25
(2, 10, 7)	1	0	193994	821647	30	29
(10, 2, 7)	2	0	786598	316467	35	35
(2, 11, 7)	1	0	270114	299053	27	26
(11, 2, 7)	2	0	292694	491895	28	28
(2, 12, 7)	1	0	357684	782613	32	31
(12, 2, 7)	2	0	906730	565712	47	47
(2, 13, 7)	1	0	361818	310250	30	29
(13, 2, 7)	2	0	248727	336663	14	14
(2, 14, 7)	1	0	297242	536881	17	16
(14, 2, 7)	2	0	532387	214562	20	20
(2, 15, 7)	1	0	250930	384953	29	28
(15, 2, 7)	2	0	535998	301749	23	23
(3, 4, 7)	1	0	582235	792606	34	33
(4, 3, 7)	2	0	399466	179220	13	13
(3, 5, 7)	2	0	105572	194726	7	7
(5, 3, 7)	2	0	344686	108461	20	20
(3, 6, 7)	2	0	280866	344430	14	14
(6, 3, 7)	2	0	534080	265620	16	16
(3, 7, 7)	1	0	464691	609836	40	39
(7, 3, 7)	1	0	127598	156266	12	11
(3, 8, 7)	1	0	736611	402070	29	28
(8, 3, 7)	2	0	481234	534920	33	33
(3, 9, 7)	2	4	370776	266584	19	19
(9, 3, 7)	2	0	407519	637013	30	30
(3, 10, 7)	1	0	731358	843240	33	32
(10, 3, 7)	2	0	937003	811046	47	47
(3, 11, 7)	1	0	562424	245392	34	33
(11, 3, 7)	2	0	439945	603616	35	35
(3, 12, 7)	1	0	638804	867582	40	39
(12, 3, 7)	1	0	117511	141649	14	13
(3, 13, 7)	1	0	383686	182581	30	29
(13, 3, 7)	2	0	394748	585104	34	34
(3, 14, 7)	1	0	389940	679345	22	21
(14, 3, 7)	2	0	650774	276926	20	20
(3, 15, 7)	1	0	452854	619175	29	28
(15, 3, 7)	2	0	385583	564673	24	24
(4, 5, 7)	1	0	638404	524554	22	21
(5, 4, 7)	2	0	884178	812228	40	40
(4, 6, 7)	2	0	429271	389523	16	16
(6, 4, 7)	2	0	879993	846302	43	43
(4, 7, 7)	2	0	334983	194546	10	10
(7, 4, 7)	2	0	443089	673224	26	26
(4, 8, 7)	2	0	399368	235505	13	13
(8, 4, 7)	1	0	456109	557296	25	24
(4, 9, 7)	1	0	579016	225865	21	20
(9, 4, 7)	2	0	398064	770525	33	33
(4, 10, 7)	1	0	656480	770310	30	29
(10, 4, 7)	2	0	915142	704812	34	34
(4, 11, 7)	2	0	300272	58485	11	11
(11, 4, 7)	2	0	391453	792275	39	39
(4, 12, 7)	1	0	802597	916187	44	43
(12, 4, 7)	2	0	872700	733265	34	34
(4, 13, 7)	1	0	867289	852281	55	54
(13, 4, 7)	2	0	418715	781608	42	42
(4, 14, 7)	1	0	557253	696731	22	21
(14, 4, 7)	2	0	661843	579140	21	21
(4, 15, 7)	1	0	781840	672154	40	39
(15, 4, 7)	2	0	315860	509975	17	17
(5, 6, 7)	2	0	638373	505840	21	21
(6, 5, 7)	1	0	791516	845050	34	33
(5, 7, 7)	2	0	424171	140754	19	19
(7, 5, 7)	2	0	435520	641757	30	30
(5, 8, 7)	2	0	501696	271335	17	17
(8, 5, 7)	2	0	464096	760347	31	31
(5, 9, 7)	2	0	668063	147403	23	23
(9, 5, 7)	1	0	512587	929001	44	43
(5, 10, 7)	1	0	757530	826323	27	26
(10, 5, 7)	2	0	941016	849598	48	48
(5, 11, 7)	1	0	639915	259855	25	24
(11, 5, 7)	2	0	478593	856995	39	39
(5, 12, 7)	2	0	580567	429542	21	21
(12, 5, 7)	1	0	446149	374276	20	19
(5, 13, 7)	1	0	828999	161118	48	47
(13, 5, 7)	2	0	137796	430569	13	13
(5, 14, 7)	1	0	627919	643486	29	28
(14, 5, 7)	1	0	616977	424796	20	19
(5, 15, 7)	2	0	409503	345002	19	19
(15, 5, 7)	2	0	311217	502015	19	19
(6, 7, 7)	2	0	579514	256445	21	21
(7, 6, 7)	1	0	807060	953203	58	57
(6, 8, 7)	2	0	605967	457935	22	22
(8, 6, 7)	2	0	485363	521982	23	23
(6, 9, 7)	2	0	439123	130115	20	20
(9, 6, 7)	1	0	304720	810874	33	32
(6, 10, 7)	1	0	752476	809486	33	32
(10, 6, 7)	2	0	919469	787239	37	37
(6, 11, 7)	2	0	404182	121988	15	15
(11, 6, 7)	2	0	235495	554099	21	21
(6, 12, 7)	2	0	403603	262600	20	20
(12, 6, 7)	1	0	634454	659694	23	22
(6, 13, 7)	2	0	693649	275171	34	34
(13, 6, 7)	2	0	193244	418652	18	18
(6, 14, 7)	2	0	964944	965391	57	57
(14, 6, 7)	2	0	497920	347661	14	14
(6, 15, 7)	2	0	410177	283005	16	16
(15, 6, 7)	1	0	501924	435105	22	21
(7, 8, 7)	2	0	332267	364200	29	29
(8, 7, 7)	2	0	399730	389068	21	21
(7, 9, 7)	2	0	318936	179268	25	25
(9, 7, 7)	1	0	356556	602143	48	47
(7, 10, 7)	1	0	300322	831723	34	33
(10, 7, 7)	2	0	738301	259173	26	26
(7, 11, 7)	1	0	269855	254080	25	24
(11, 7, 7)	1	0	226386	337822	20	19
(7, 12, 7)	1	0	741768	951806	54	53
(12, 7, 7)	2	0	927295	597289	46	46
(7, 13, 7)	1	0	529016	156146	36	35
(13, 7, 7)	1	0	133334	500433	33	32
(7, 14, 7)	2	0	216271	490311	11	11
(14, 7, 7)	2	0	539068	205430	13	13
(7, 15, 7)	1	0	732671	789762	54	53
(15, 7, 7)	2	0	361951	238441	19	19
(8, 9, 7)	2	0	644678	318020	40	40
(9, 8, 7)	1	0	380098	825957	51	50
(8, 10, 7)	1	0	351843	737348	26	25
(10, 8, 7)	2	0	807869	474186	27	27
(8, 11, 7)	1	0	543766	411517	33	32
(11, 8, 7)	2	0	543439	639461	40	40
(8, 12, 7)	2	0	657707	731076	31	31
(12, 8, 7)	2	0	760683	419613	27	27
(8, 13, 7)	1	0	673605	488807	37	36
(13, 8, 7)	1	0	69969	285458	18	17
(8, 14, 7)	1	0	541563	790864	33	32
(14, 8, 7)	2	0	895182	606456	35	35
(8, 15, 7)	1	0	621262	731647	38	37
(15, 8, 7)	2	0	391155	194995	21	21
(9, 10, 7)	2	0	333359	850792	30	30
(10, 9, 7)	1	0	794011	276359	25	24
(9, 11, 7)	1	0	391309	433465	38	37
(11, 9, 7)	1	0	525611	424666	39	38
(9, 12, 7)	1	0	620828	979982	71	70
(12, 9, 7)	2	0	731268	198932	31	31
(9, 13, 7)	2	0	247593	84699	24	24
(13, 9, 7)	2	0	99489	176079	26	26
(9, 14, 7)	1	0	214588	703202	28	27
(14, 9, 7)	2	0	857734	253445	27	27
(9, 15, 7)	1	0	218137	473649	24	23
(15, 9, 7)	2	0	775443	394139	37	37
(10, 11, 7)	1	0	753717	353031	27	26
(11, 10, 7)	1	0	249859	784122	27	26
(10, 12, 7)	2	0	532637	542405	19	19
(12, 10, 7)	1	0	656222	885532	34	33
(10, 13, 7)	2	0	839059	180216	33	33
(13, 10, 7)	1	0	405945	917149	35	34
(10, 14, 7)	1	0	730278	664846	22	21
(14, 10, 7)	1	0	685343	834609	29	28
(10, 15, 7)	1	0	938389	728559	45	44
(15, 10, 7)	2	0	312745	500469	17	17
(11, 12, 7)	2	0	334558	618280	28	28
(12, 11, 7)	1	0	617053	403489	35	34
(11, 13, 7)	1	0	298088	199410	25	24
(13, 11, 7)	2	0	92653	132708	11	11
(11, 14, 7)	1	0	515692	903116	37	36
(14, 11, 7)	2	0	691131	288632	31	31
(11, 15, 7)	2	0	239013	338072	21	21
(15, 11, 7)	2	0	365033	163919	26	26
(12, 13, 7)	1	0	474897	183148	18	17
(13, 12, 7)	2	0	76635	498745	12	12
(12, 14, 7)	1	0	911227	869915	48	47
(14, 12, 7)	1	0	979180	962035	74	73
(12, 15, 7)	1	0	525453	379861	17	16
(15, 12, 7)	2	0	312033	217029	19	19
(13, 14, 7)	1	0	177293	685904	25	24
(14, 13, 7)	1	0	807993	196011	43	42
(13, 15, 7)	1	0	125081	494683	30	29
(15, 13, 7)	2	0	459501	56656	27	27
(14, 15, 7)	2	0	665858	519601	20	20
(15, 14, 7)	2	0	311310	511947	20	20
(0, 1, 8)	2	0	404838	260937	24	24
(1, 0, 8)	2	0	676886	266890	28	28
(0, 2, 8)	1	0	469567	573673	30	29
(2, 0, 8)	2	0	491281	467813	39	39
(0, 3, 8)	1	0	256968	276641	16	15
(3, 0, 8)	2	0	253978	40352	16	16
(0, 4, 8)	1	0	541694	638675	29	28
(4, 0, 8)	2	0	599962	186876	20	20
(0, 5, 8)	1	0	204076	623047	21	20
(5, 0, 8)	2	0	621063	207174	22	22
(0, 6, 8)	1	0	110686	397117	15	14
(6, 0, 8)	2	0	525945	230440	20	20
(0, 7, 8)	1	0	263094	388322	25	24
(7, 0, 8)	2	0	347265	217387	25	25
(0, 8, 8)	2	0	730315	585126	33	33
(8, 0, 8)	2	0	480668	214160	25	25
(0, 9, 8)	1	0	188467	197564	20	19
(9, 0, 8)	2	0	240982	204212	21	21
(0, 10, 8)	1	0	180109	457248	18	17
(10, 0, 8)	2	0	517197	125703	20	20
(0, 11, 8)	1	0	287945	244178	23	22
(11, 0, 8)	2	0	259936	218493	23	23
(0, 12, 8)	2	0	237720	621175	26	26
(12, 0, 8)	2	0	686886	308333	25	25
(0, 13, 8)	1	0	192418	83672	17	16
(13, 0, 8)	2	0	292088	358118	28	28
(0, 14, 8)	1	0	135897	500254	20	19
(14, 0, 8)	2	0	839883	351295	34	34
(0, 15, 8)	1	0	89353	267471	17	16
(15, 0, 8)	2	0	241051	59750	13	13
(1, 2, 8)	1	0	482809	680251	29	28
(2, 1, 8)	2	0	869291	842613	50	50
(1, 3, 8)	2	0	815616	692276	38	38
(3, 1, 8)	2	0	300283	121557	21	21
(1, 4, 8)	1	0	551781	758749	34	33
(4, 1, 8)	1	0	770696	709483	40	39
(1, 5, 8)	1	0	381193	339392	19	18
(5, 1, 8)	2	0	514129	249774	25	25
(1, 6, 8)	1	0	349931	452546	19	18
(6, 1, 8)	2	0	464239	278246	22	22
(1, 7, 8)	1	0	415912	435397	30	29
(7, 1, 8)	2	0	284266	207826	24	24
(1, 8, 8)	1	0	686330	523716	34	33
(8, 1, 8)	2	0	476976	388459	25	25
(1, 9, 8)	1	0	427163	225966	24	23
(9, 1, 8)	2	0	200275	177428	25	25
(1, 10, 8)	1	0	264150	445344	18	17
(10, 1, 8)	2	0	571600	233032	20	20
(1, 11, 8)	1	0	293691	191951	22	21
(11, 1, 8)	2	0	286293	256418	24	24
(1, 12, 8)	2	0	374693	417574	20	20
(12, 1, 8)	2	0	638222	434833	28	28
(1, 13, 8)	1	0	283064	108847	24	23
(13, 1, 8)	2	0	180351	223302	20	20
(1, 14, 8)	1	0	244036	439237	22	21
(14, 1, 8)	2	0	677366	257432	21	21
(1, 15, 8)	1	0	555138	547173	24	23
(15, 1, 8)	2	0	238867	261150	13	13
(2, 3, 8)	1	0	91351	106092	10	9
(3, 2, 8)	2	0	248860	53608	12	12
(2, 4, 8)	1	0	648869	821278	48	47
(4, 2, 8)	1	0	922629	795639	53	52
(2, 5, 8)	1	0	457670	546273	33	32
(5, 2, 8)	1	0	851075	781551	43	42
(2, 6, 8)	1	0	660157	820276	45	44
(6, 2, 8)	2	0	644279	246358	22	22
(2, 7, 8)	1	0	460619	386096	26	25
(7, 2, 8)	2	0	280696	166780	29	29
(2, 8, 8)	1	0	474431	589740	34	33
(8, 2, 8)	2	0	523452	502641	30	30
(2, 9, 8)	1	0	67906	93475	11	10
(9, 2, 8)	2	0	257979	355664	22	22
(2, 10, 8)	1	0	411120	835520	41	40
(10, 2, 8)	2	0	562131	143049	25	25
(2, 11, 8)	1	0	233482	301687	26	25
(11, 2, 8)	2	0	155950	258884	20	20
(2, 12, 8)	1	0	362716	672677	30	29
(12, 2, 8)	2	0	948816	674222	49	49
(2, 13, 8)	1	0	104411	30363	19	18
(13, 2, 8)	2	0	204380	448057	24	24
(2, 14, 8)	1	0	69726	357155	16	15
(14, 2, 8)	2	0	744374	303709	27	27
(2, 15, 8)	1	0	246161	349743	18	17
(15, 2, 8)	2	0	240471	163377	18	18
(3, 4, 8)	1	0	268217	619673	26	25
(4, 3, 8)	2	0	599956	241485	24	24
(3, 5, 8)	2	0	240349	256572	13	13
(5, 3, 8)	2	0	869224	752627	39	39
(3, 6, 8)	2	0	238328	160466	11	11
(6, 3, 8)	1	0	584387	252358	21	20
(3, 7, 8)	1	0	760878	575456	42	41
(7, 3, 8)	2	0	506182	516523	31	31
(3, 8, 8)	2	0	244796	115651	12	12
(8, 3, 8)	2	0	433964	473932	29	29
(3, 9, 8)	2	0	299045	123173	17	17
(9, 3, 8)	1	0	273500	348930	27	26
(3, 10, 8)	2	0	608482	926172	41	41
(10, 3, 8)	1	0	328776	100289	10	9
(3, 11, 8)	1	0	988666	677634	58	57
(11, 3, 8)	1	0	70258	101844	10	9
(3, 12, 8)	2	0	151649	148087	8	8
(12, 3, 8)	2	0	917954	762063	36	36
(3, 13, 8)	1	0	440023	201666	31	30
(13, 3, 8)	2	0	150742	709818	34	34
(3, 14, 8)	2	0	238960	342778	11	11
(14, 3, 8)	2	0	943077	867461	44	44
(3, 15, 8)	2	0	310767	137539	21	21
(15, 3, 8)	2	0	215780	101541	14	14
(4, 5, 8)	1	0	638474	585066	22	21
(5, 4, 8)	2	0	430275	619760	20	20
(4, 6, 8)	1	0	673292	600829	25	24
(6, 4, 8)	2	0	664519	579045	19	19
(4, 7, 8)	2	0	399324	143078	13	13
(7, 4, 8)	2	0	475511	719174	32	32
(4, 8, 8)	2	0	534218	233099	16	16
(8, 4, 8)	2	0	634969	846270	43	43
(4, 9, 8)	1	0	846172	531393	41	40
(9, 4, 8)	2	0	456392	802735	37	37
(4, 10, 8)	1	0	638577	790802	28	27
(10, 4, 8)	2	0	687066	557446	22	22
(4, 11, 8)	1	0	719150	454110	35	34
(11, 4, 8)	1	0	82462	334917	12	11
(4, 12, 8)	2	0	619771	793609	30	30
(12, 4, 8)	2	0	941728	830244	46	46
(4, 13, 8)	2	0	557272	252577	20	20
(13, 4, 8)	2	0	253012	704820	32	32
(4, 14, 8)	1	0	429106	534334	17	16
(14, 4, 8)	2	0	595751	457362	18	18
(4, 15, 8)	1	0	399452	292115	14	13
(15, 4, 8)	2	0	497477	638651	27	27
(5, 6, 8)	1	0	387135	457461	15	14
(6, 5, 8)	1	0	565940	742887	22	21
(5, 7, 8)	1	0	601572	413353	39	38
(7, 5, 8)	2	0	382876	648542	29	29
(5, 8, 8)	2	0	527764	263156	19	19
(8, 5, 8)	2	0	475765	550653	26	26
(5, 9, 8)	2	0	977839	522956	64	64
(9, 5, 8)	2	0	209698	460733	20	20
(5, 10, 8)	1	0	859691	942520	48	47
(10, 5, 8)	2	0	761155	747315	27	27
(5, 11, 8)	1	0	762928	357794	31	30
(11, 5, 8)	2	0	424571	739425	33	33
(5, 12, 8)	1	0	847978	816078	40	39
(12, 5, 8)	1	0	366090	331869	14	13
(5, 13, 8)	2	0	510402	116080	18	18
(13, 5, 8)	2	0	196647	681068	33	33
(5, 14, 8)	2	0	757071	676116	31	31
(14, 5, 8)	2	0	635277	426154	20	20
(5, 15, 8)	1	0	586026	609097	27	26
(15, 5, 8)	2	0	239280	450304	13	13
(6, 7, 8)	2	0	445304	194571	16	16
(7, 6, 8)	1	0	223264	224856	14	13
(6, 8, 8)	2	0	451908	236896	13	13
(8, 6, 8)	1	0	269701	511624	16	15
(6, 9, 8)	1	0	225729	95489	11	10
(9, 6, 8)	1	0	126792	360254	17	16
(6, 10, 8)	2	0	444112	520746	20	20
(10, 6, 8)	2	0	769712	567705	25	25
(6, 11, 8)	1	0	676305	433101	37	36
(11, 6, 8)	2	0	307257	647974	32	32
(6, 12, 8)	1	0	690916	892679	40	39
(12, 6, 8)	1	0	410194	477108	22	21
(6, 13, 8)	2	0	865841	683754	44	44
(13, 6, 8)	1	0	87176	389661	15	14
(6, 14, 8)	1	0	140475	150504	7	6
(14, 6, 8)	1	0	638324	581179	20	19
(6, 15, 8)	1	0	380284	317241	19	18
(15, 6, 8)	2	0	146745	198244	11	11
(7, 8, 8)	2	0	399382	424711	27	27
(8, 7, 8)	1	0	468226	426668	28	27
(7, 9, 8)	2	0	355001	210862	25	25
(9, 7, 8)	2	0	102203	64962	11	11
(7, 10, 8)	2	0	371085	570887	27	27
(10, 7, 8)	2	0	858678	365892	32	32
(7, 11, 8)	2	0	351235	263095	21	21
(11, 7, 8)	1	0	348952	532868	32	31
(7, 12, 8)	2	0	461989	456135	28	28
(12, 7, 8)	1	0	916844	666127	42	41
(7, 13, 8)	1	0	448303	252685	25	24
(13, 7, 8)	1	0	247213	522881	33	32
(7, 14, 8)	2	0	390649	613270	29	29
(14, 7, 8)	1	0	668673	330347	33	32
(7, 15, 8)	1	0	116841	121395	11	10
(15, 7, 8)	1	0	446953	444481	31	30
(8, 9, 8)	2	0	503937	256746	32	32
(9, 8, 8)	2	0	451635	699949	40	40
(8, 10, 8)	1	0	658911	950333	43	42
(10, 8, 8)	1	0	512648	242958	17	16
(8, 11, 8)	1	0	802601	717958	62	61
(11, 8, 8)	2	0	320688	341954	25	25
(8, 12, 8)	2	0	372994	448892	19	19
(12, 8, 8)	1	0	268138	183273	18	17
(8, 13, 8)	1	0	348154	109837	24	23
(13, 8, 8)	2	0	113263	200119	17	17
(8, 14, 8)	1	0	319148	556150	14	13
(14, 8, 8)	2	0	740516	471272	27	27
(8, 15, 8)	1	0	435391	584900	24	23
(15, 8, 8)	2	0	240522	225448	13	13
(9, 10, 8)	1	0	442294	979930	63	62
(10, 9, 8)	2	0	563350	124002	26	26
(9, 11, 8)	1	0	338574	401697	35	34
(11, 9, 8)	2	0	192308	158938	21	21
(9, 12, 8)	2	0	499481	771633	42	42
(12, 9, 8)	1	0	266064	81779	10	9
(9, 13, 8)	1	0	460797	970372	50	49
(13, 9, 8)	2	0	222743	231655	33	33
(9, 14, 8)	1	0	32191	151266	7	6
(14, 9, 8)	2	0	663248	227793	26	26
(9, 15, 8)	2	0	93814	69521	10	10
(15, 9, 8)	2	0	581074	298391	36	36
(10, 11, 8)	2	0	531982	157430	20	20
(11, 10, 8)	2	0	181424	610290	20	20
(10, 12, 8)	2	0	348464	262576	15	15
(12, 10, 8)	1	0	653688	707177	26	25
(10, 13, 8)	1	0	421786	49243	13	12
(13, 10, 8)	2	0	161737	670198	21	21
(10, 14, 8)	1	0	841219	664208	28	27
(14, 10, 8)	2	0	918901	882906	38	38
(10, 15, 8)	1	0	640878	444420	23	22
(15, 10, 8)	2	0	239143	520912	13	13
(11, 12, 8)	2	0	309017	503707	28	28
(12, 11, 8)	1	0	578340	211483	24	23
(11, 13, 8)	1	0	72815	94397	9	8
(13, 11, 8)	2	0	106796	239891	17	17
(11, 14, 8)	2	0	208050	550981	21	21
(14, 11, 8)	2	0	609470	309227	27	27
(11, 15, 8)	2	0	358167	522996	29	29
(15, 11, 8)	2	0	239208	156492	13	13
(12, 13, 8)	1	0	274461	51475	16	15
(13, 12, 8)	2	0	790180	900816	40	40
(12, 14, 8)	1	0	222671	152458	11	10
(14, 12, 8)	2	0	605420	395430	19	19
(12, 15, 8)	1	0	651714	689713	44	43
(15, 12, 8)	2	0	250395	197079	13	13
(13, 14, 8)	1	0	245827	778924	37	36
(14, 13, 8)	1	0	697237	201100	23	22
(13, 15, 8)	1	0	116042	418531	19	18
(15, 13, 8)	2	0	215371	32137	12	12
(14, 15, 8)	2	0	893215	651868	42	42
(15, 14, 8)	1	0	100735	256309	9	8
(0, 1, 9)	1	0	104953	282322	18	17
(1, 0, 9)	1	0	197572	60074	19	18
(0, 2, 9)	1	0	93823	241554	14	13
(2, 0, 9)	2	0	163071	65012	14	14
(0, 3, 9)	1	0	74864	151190	11	10
(3, 0, 9)	2	4	301511	191734	8	8
(0, 4, 9)	1	0	84545	367925	13	12
(4, 0, 9)	1	0	689527	365284	30	29
(0, 5, 9)	1	0	74364	126051	13	12
(5, 0, 9)	2	0	236217	46378	12	12
(0, 6, 9)	1	0	88935	220353	14	13
(6, 0, 9)	2	0	225144	30265	13	13
(0, 7, 9)	1	0	91806	216994	19	18
(7, 0, 9)	2	0	616740	368818	42	42
(0, 8, 9)	1	0	153702	266334	24	23
(8, 0, 9)	2	0	161524	59849	14	14
(0, 9, 9)	1	0	63791	64193	8	7
(9, 0, 9)	2	0	115511	51132	11	11
(0, 10, 9)	1	0	70905	182219	13	12
(10, 0, 9)	2	0	374263	29891	14	14
(0, 11, 9)	1	0	72899	74036	17	16
(11, 0, 9)	2	0	94011	48454	14	14
(0, 12, 9)	1	0	145884	543865	17	16
(12, 0, 9)	1	0	415499	143496	19	18
(0, 13, 9)	1	0	117924	28314	18	17
(13, 0, 9)	2	0	71960	48140	14	14
(0, 14, 9)	1	0	71321	266232	9	8
(14, 0, 9)	2	0	245208	28958	9	9
(0, 15, 9)	1	0	86928	160205	13	12
(15, 0, 9)	2	0	433703	85009	18	18
(1, 2, 9)	1	0	321550	507490	31	30
(2, 1, 9)	2	0	152320	59619	19	19
(1, 3, 9)	1	0	179372	254955	17	16
(3, 1, 9)	1	0	316439	399350	24	23
(1, 4, 9)	1	0	196347	457553	17	16
(4, 1, 9)	2	0	399422	460649	15	15
(1, 5, 9)	1	0	111784	347498	21	20
(5, 1, 9)	2	0	237031	68200	12	12
(1, 6, 9)	1	0	127330	518495	20	19
(6, 1, 9)	2	0	266255	74551	13	13
(1, 7, 9)	1	0	178689	156822	10	9
(7, 1, 9)	1	0	244645	393673	20	19
(1, 8, 9)	1	0	186259	346790	27	26
(8, 1, 9)	2	0	163413	69928	19	19
(1, 9, 9)	1	0	74668	111960	11	10
(9, 1, 9)	2	0	118723	132958	10	10
(1, 10, 9)	1	0	107794	350802	16	15
(10, 1, 9)	2	0	369263	73757	12	12
(1, 11, 9)	1	0	110360	162052	22	21
(11, 1, 9)	2	0	92024	70325	14	14
(1, 12, 9)	1	0	187657	331770	25	24
(12, 1, 9)	1	0	202147	270463	18	17
(1, 13, 9)	1	0	185254	56565	27	26
(13, 1, 9)	2	0	81177	80172	14	14
(1, 14, 9)	1	0	110008	464400	22	21
(14, 1, 9)	2	0	247813	38216	9	9
(1, 15, 9)	1	0	74597	225244	15	14
(15, 1, 9)	1	0	282374	357822	22	21
(2, 3, 9)	2	0	124042	146221	17	17
(3, 2, 9)	1	0	364573	432304	23	22
(2, 4, 9)	2	0	254005	429202	13	13
(4, 2, 9)	1	0	510094	266133	16	15
(2, 5, 9)	1	0	479876	695009	24	23
(5, 2, 9)	2	0	242457	43206	12	12
(2, 6, 9)	1	0	589845	616858	32	31
(6, 2, 9)	2	0	263353	64137	11	11
(2, 7, 9)	1	0	193865	133814	19	18
(7, 2, 9)	2	0	113290	66047	13	13
(2, 8, 9)	2	0	173311	105000	15	15
(8, 2, 9)	2	0	206526	73468	22	22
(2, 9, 9)	1	0	183168	112212	12	11
(9, 2, 9)	2	0	114674	96717	15	15
(2, 10, 9)	1	0	197736	438572	18	17
(10, 2, 9)	2	0	380285	60828	16	16
(2, 11, 9)	1	0	332244	187769	22	21
(11, 2, 9)	2	0	82121	44299	15	15
(2, 12, 9)	2	0	172326	184712	16	16
(12, 2, 9)	1	0	215316	202740	13	12
(2, 13, 9)	2	0	163419	30979	17	17
(13, 2, 9)	2	0	171211	76241	25	25
(2, 14, 9)	1	0	196143	466878	15	14
(14, 2, 9)	2	0	489496	122564	15	15
(2, 15, 9)	1	0	140294	227377	15	14
(15, 2, 9)	2	0	203111	109153	19	19
(3, 4, 9)	1	0	154222	484392	18	17
(4, 3, 9)	1	0	619579	375417	27	26
(3, 5, 9)	2	4	333401	530459	13	13
(5, 3, 9)	2	0	143512	52890	12	12
(3, 6, 9)	1	0	242321	475927	14	13
(6, 3, 9)	1	0	316805	136142	21	20
(3, 7, 9)	1	0	92251	270269	17	16
(7, 3, 9)	2	0	669342	818862	42	42
(3, 8, 9)	1	0	217451	307710	20	19
(8, 3, 9)	1	0	108270	241164	15	14
(3, 9, 9)	1	0	791470	369091	31	30
(9, 3, 9)	2	0	248953	162768	18	18
(3, 10, 9)	1	0	357385	843429	31	30
(10, 3, 9)	2	0	210477	27300	11	11
(3, 11, 9)	2	4	612110	358256	19	19
(11, 3, 9)	1	0	116300	190946	17	16
(3, 12, 9)	1	0	828707	893845	46	45
(12, 3, 9)	1	0	170549	226503	16	15
(3, 13, 9)	1	0	974612	775719	63	62
(13, 3, 9)	2	0	44970	107566	21	21
(3, 14, 9)	1	0	102426	480072	18	17
(14, 3, 9)	2	0	246408	50364	9	9
(3, 15, 9)	1	0	149486	318937	18	17
(15, 3, 9)	2	0	346022	235765	15	15
(4, 5, 9)	1	0	484270	361376	14	13
(5, 4, 9)	2	0	241057	429215	12	12
(4, 6, 9)	1	0	429221	217055	12	11
(6, 4, 9)	2	0	225841	457545	14	14
(4, 7, 9)	1	0	600038	206461	23	22
(7, 4, 9)	2	0	117877	457530	13	13
(4, 8, 9)	1	0	746229	462654	31	30
(8, 4, 9)	2	0	162517	399322	14	14
(4, 9, 9)	2	0	399582	148317	15	15
(9, 4, 9)	2	0	129804	399245	11	11
(4, 10, 9)	1	0	509862	406907	17	16
(10, 4, 9)	2	0	376529	399412	12	12
(4, 11, 9)	1	0	368018	88270	14	13
(11, 4, 9)	2	0	84302	429164	13	13
(4, 12, 9)	1	0	534203	408196	17	16
(12, 4, 9)	1	0	187808	457421	14	13
(4, 13, 9)	1	0	457383	45508	18	17
(13, 4, 9)	2	0	70951	300224	10	10
(4, 14, 9)	1	0	429068	580028	15	14
(14, 4, 9)	2	0	244399	335037	9	9
(4, 15, 9)	1	0	484289	398561	16	15
(15, 4, 9)	2	0	337252	510035	17	17
(5, 6, 9)	1	0	274947	375433	12	11
(6, 5, 9)	2	0	231228	281302	19	19
(5, 7, 9)	2	0	241726	80193	12	12
(7, 5, 9)	1	0	196083	397768	18	17
(5, 8, 9)	2	0	238709	75957	12	12
(8, 5, 9)	1	0	92025	262475	11	10
(5, 9, 9)	1	0	168138	113651	12	11
(9, 5, 9)	2	0	118432	361799	11	11
(5, 10, 9)	1	0	102590	224856	13	12
(10, 5, 9)	1	0	334062	159483	15	14
(5, 11, 9)	1	0	192672	79764	14	13
(11, 5, 9)	1	0	80977	192112	12	11
(5, 12, 9)	2	0	232951	170118	13	13
(12, 5, 9)	1	0	269749	375121	14	13
(5, 13, 9)	1	0	208758	33112	16	15
(13, 5, 9)	2	0	49813	296886	19	19
(5, 14, 9)	1	0	203956	281054	11	10
(14, 5, 9)	2	0	494578	386506	15	15
(5, 15, 9)	1	0	138078	130359	13	12
(15, 5, 9)	1	0	642436	872315	41	40
(6, 7, 9)	1	0	241069	190793	22	21
(7, 6, 9)	1	0	130128	275838	13	12
(6, 8, 9)	2	0	262433	53435	5	5
(8, 6, 9)	1	0	90879	301045	12	11
(6, 9, 9)	1	0	98426	61375	10	9
(9, 6, 9)	2	0	117911	193547	10	10
(6, 10, 9)	1	0	316651	502993	22	21
(10, 6, 9)	2	0	543737	222856	16	16
(6, 11, 9)	1	0	316281	148297	22	21
(11, 6, 9)	1	0	78506	272655	15	14
(6, 12, 9)	2	0	226834	124332	14	14
(12, 6, 9)	1	0	163069	168053	8	7
(6, 13, 9)	1	0	319865	18636	22	21
(13, 6, 9)	2	0	119307	495018	18	18
(6, 14, 9)	1	0	234024	305915	14	13
(14, 6, 9)	2	0	290626	123606	10	10
(6, 15, 9)	2	0	224659	146069	16	16
(15, 6, 9)	2	0	256455	216116	16	16
(7, 8, 9)	1	0	307417	376593	24	23
(8, 7, 9)	2	0	409116	176602	27	27
(7, 9, 9)	1	0	244108	169537	17	16
(9, 7, 9)	2	0	125964	121757	11	11
(7, 10, 9)	1	0	122815	364943	14	13
(10, 7, 9)	2	0	230898	43086	13	13
(7, 11, 9)	1	0	123209	105182	14	13
(11, 7, 9)	2	0	90380	80678	16	16
(7, 12, 9)	1	0	280849	339910	21	20
(12, 7, 9)	1	0	170569	77767	15	14
(7, 13, 9)	1	0	141431	20113	17	16
(13, 7, 9)	1	0	43771	117797	14	13
(7, 14, 9)	1	0	107887	336718	12	11
(14, 7, 9)	2	0	194326	47979	9	9
(7, 15, 9)	2	0	102672	122770	10	10
(15, 7, 9)	1	0	185904	181328	10	9
(8, 9, 9)	1	0	104349	126884	12	11
(9, 8, 9)	2	0	160318	114538	13	13
(8, 10, 9)	1	0	87944	196047	13	12
(10, 8, 9)	2	0	341130	53689	14	14
(8, 11, 9)	1	0	90525	86374	14	13
(11, 8, 9)	2	0	89726	73753	13	13
(8, 12, 9)	2	0	161831	170972	15	15
(12, 8, 9)	2	0	697943	353797	23	23
(8, 13, 9)	1	0	99203	25236	11	10
(13, 8, 9)	2	0	60895	166137	17	17
(8, 14, 9)	1	0	70304	238626	10	9
(14, 8, 9)	2	0	249090	26676	9	9
(8, 15, 9)	1	0	99148	130365	11	10
(15, 8, 9)	2	0	313253	272693	16	16
(9, 10, 9)	1	0	56377	351245	13	12
(10, 9, 9)	1	0	216167	92365	11	10
(9, 11, 9)	2	0	129164	107928	14	14
(11, 9, 9)	1	0	131535	154462	14	13
(9, 12, 9)	2	0	118991	165788	10	10
(12, 9, 9)	1	0	197853	136911	14	13
(9, 13, 9)	2	0	99979	24361	8	8
(13, 9, 9)	2	0	283021	276951	35	35
(9, 14, 9)	1	0	34427	373222	13	12
(14, 9, 9)	1	0	446594	111357	15	14
(9, 15, 9)	2	0	116065	174365	13	13
(15, 9, 9)	1	0	261907	151547	13	12
(10, 11, 9)	2	0	215708	32474	14	14
(11, 10, 9)	1	0	50933	222519	13	12
(10, 12, 9)	2	0	373787	113699	14	14
(12, 10, 9)	1	0	179353	230479	12	11
(10, 13, 9)	2	0	160751	14523	12	12
(13, 10, 9)	1	0	136873	851677	32	31
(10, 14, 9)	1	0	234049	235690	8	7
(14, 10, 9)	2	0	295035	122035	9	9
(10, 15, 9)	2	0	372889	94638	16	16
(15, 10, 9)	2	0	266628	640468	18	18
(11, 12, 9)	2	0	89480	169989	13	13
(12, 11, 9)	1	0	174633	73734	16	15
(11, 13, 9)	1	0	69632	21753	11	10
(13, 11, 9)	2	0	49442	189747	21	21
(11, 14, 9)	1	0	59862	280417	11	10
(14, 11, 9)	2	0	294749	60685	9	9
(11, 15, 9)	1	0	69578	129741	13	12
(15, 11, 9)	1	0	263041	209569	26	25
(12, 13, 9)	1	0	186258	14787	15	14
(13, 12, 9)	2	0	73822	204522	11	11
(12, 14, 9)	1	0	296578	377550	14	13
(14, 12, 9)	2	0	248950	23069	9	9
(12, 15, 9)	1	0	238132	80012	12	11
(15, 12, 9)	1	0	282887	377784	21	20
(13, 14, 9)	2	0	113499	618849	34	34
(14, 13, 9)	2	0	249745	22897	9	9
(13, 15, 9)	2	0	73936	154339	9	9
(15, 13, 9)	2	0	315348	28805	16	16
(14, 15, 9)	1	0	366799	279980	12	11
(15, 14, 9)	1	0	288011	579156	19	18
(0, 1, 10)	1	0	309687	522171	29	28
(1, 0, 10)	2	0	748816	495743	41	41
(0, 2, 10)	1	0	537646	600177	38	37
(2, 0, 10)	2	0	465985	495535	28	28
(0, 3, 10)	1	4	420880	384568	17	16
(3, 0, 10)	2	4	24745	103	2	2
(0, 4, 10)	1	0	851356	792511	50	49
(4, 0, 10)	2	0	484490	328699	23	23
(0, 5, 10)	1	0	353926	660481	27	26
(5, 0, 10)	2	0	672156	424775	30	30
(0, 6, 10)	1	0	279463	615566	25	24
(6, 0, 10)	2	0	694507	630370	29	29
(0, 7, 10)	1	0	310039	378706	32	31
(7, 0, 10)	2	0	464545	349143	34	34
(0, 8, 10)	1	0	430391	401302	33	32
(8, 0, 10)	2	0	463778	375085	25	25
(0, 9, 10)	1	0	355475	299878	32	31
(9, 0, 10)	2	0	92893	110684	13	13
(0, 10, 10)	1	0	433424	818922	31	30
(10, 0, 10)	2	0	867944	392172	28	28
(0, 11, 10)	1	0	478151	503832	40	39
(11, 0, 10)	2	0	340010	484487	35	35
(0, 12, 10)	1	0	307080	786026	35	34
(12, 0, 10)	2	0	721906	395019	32	32
(0, 13, 10)	1	0	634349	553678	41	40
(13, 0, 10)	2	0	504928	455875	38	38
(0, 14, 10)	1	0	379194	598153	31	30
(14, 0, 10)	2	0	53343	16409	14	14
(0, 15, 10)	1	0	344607	421342	28	27
(15, 0, 10)	2	0	409645	477495	29	29
(1, 2, 10)	2	0	818144	538663	49	49
(2, 1, 10)	2	0	830964	792251	56	56
(1, 3, 10)	1	4	349771	227002	11	10
(3, 1, 10)	2	0	306513	143058	20	20
(1, 4, 10)	1	0	316669	263840	18	17
(4, 1, 10)	2	0	399395	303263	23	23
(1, 5, 10)	1	0	672539	598660	27	26
(5, 1, 10)	2	0	797699	404903	33	33
(1, 6, 10)	2	0	593502	502066	25	25
(6, 1, 10)	2	0	452638	242249	21	21
(1, 7, 10)	1	0	354460	314704	32	31
(7, 1, 10)	2	0	322154	395236	25	25
(1, 8, 10)	1	0	872866	809473	55	54
(8, 1, 10)	2	0	462890	312262	27	27
(1, 9, 10)	1	0	500499	187236	31	30
(9, 1, 10)	2	0	134568	85405	19	19
(1, 10, 10)	1	0	643549	834747	40	39
(10, 1, 10)	2	0	658313	251137	25	25
(1, 11, 10)	1	0	415736	274418	30	29
(11, 1, 10)	2	0	187627	293058	18	18
(1, 12, 10)	1	0	712510	897693	51	50
(12, 1, 10)	2	0	849634	564511	38	38
(1, 13, 10)	1	0	636587	126720	39	38
(13, 1, 10)	2	0	216446	615360	41	41
(1, 14, 10)	1	0	424864	253884	26	25
(14, 1, 10)	2	0	62937	3448	15	15
(1, 15, 10)	1	0	333811	345468	25	24
(15, 1, 10)	2	0	643472	570998	38	38
(2, 3, 10)	1	4	203963	267195	11	10
(3, 2, 10)	2	0	494233	65930	24	24
(2, 4, 10)	1	0	325305	510103	27	26
(4, 2, 10)	2	0	334965	180735	21	21
(2, 5, 10)	1	0	351190	673272	32	31
(5, 2, 10)	2	0	702584	153305	20	20
(2, 6, 10)	1	0	227988	605911	29	28
(6, 2, 10)	2	0	573613	193378	22	22
(2, 7, 10)	1	0	267610	345042	27	26
(7, 2, 10)	2	0	266953	152563	27	27
(2, 8, 10)	1	0	417794	487656	34	33
(8, 2, 10)	2	0	454107	362518	27	27
(2, 9, 10)	1	0	540157	417072	43	42
(9, 2, 10)	2	0	309369	453820	35	35
(2, 10, 10)	1	0	185693	700960	29	28
(10, 2, 10)	2	0	590347	164647	23	23
(2, 11, 10)	1	0	345675	365222	32	31
(11, 2, 10)	2	0	482671	465403	39	39
(2, 12, 10)	2	0	482608	668770	30	30
(12, 2, 10)	2	0	949347	443311	45	45
(2, 13, 10)	1	0	269465	86002	26	25
(13, 2, 10)	2	0	186138	301611	24	24
(2, 14, 10)	1	0	202569	308810	25	24
(14, 2, 10)	2	0	50048	2021	13	13
(2, 15, 10)	1	0	393323	406808	26	25
(15, 2, 10)	2	0	477258	317972	26	26
(3, 4, 10)	2	4	23261	135	2	2
(4, 3, 10)	1	4	300212	295536	11	10
(3, 5, 10)	2	0	352170	279683	18	18
(5, 3, 10)	1	4	526425	265184	15	14
(3, 6, 10)	2	4	179677	153554	7	7
(6, 3, 10)	1	0	244279	204046	22	21
(3, 7, 10)	1	0	469031	305501	26	25
(7, 3, 10)	2	0	414479	519909	33	33
(3, 8, 10)	2	0	301024	90453	17	17
(8, 3, 10)	1	4	268538	230667	9	8
(3, 9, 10)	2	0	359837	66785	24	24
(9, 3, 10)	2	0	107010	193269	16	16
(3, 10, 10)	2	0	214756	117084	11	11
(10, 3, 10)	1	4	511545	228324	12	11
(3, 11, 10)	2	0	313940	59792	17	17
(11, 3, 10)	2	0	412875	613654	36	36
(3, 12, 10)	2	0	231086	121389	11	11
(12, 3, 10)	1	4	609409	411076	13	12
(3, 13, 10)	2	0	317228	36466	18	18
(13, 3, 10)	1	4	57578	295604	12	11
(3, 14, 10)	2	4	190998	106309	7	7
(14, 3, 10)	2	0	196222	194198	18	18
(3, 15, 10)	2	4	250306	178449	8	8
(15, 3, 10)	1	4	525464	496236	19	18
(4, 5, 10)	2	0	334952	386370	17	17
(5, 4, 10)	2	0	773961	656486	33	33
(4, 6, 10)	1	0	802562	883480	41	40
(6, 4, 10)	2	0	799023	733211	34	34
(4, 7, 10)	2	0	704665	377695	33	33
(7, 4, 10)	2	0	680193	770591	51	51
(4, 8, 10)	2	0	368109	250775	17	17
(8, 4, 10)	1	0	309890	368099	19	18
(4, 9, 10)	1	0	846295	497569	48	47
(9, 4, 10)	1	0	101881	300293	16	15
(4, 10, 10)	1	0	860955	970790	53	52
(10, 4, 10)	1	0	558622	335147	22	21
(4, 11, 10)	2	0	335073	149681	17	17
(11, 4, 10)	2	0	425956	656220	34	34
(4, 12, 10)	2	0	368079	422041	23	23
(12, 4, 10)	2	0	957812	746362	45	45
(4, 13, 10)	2	0	399344	23652	18	18
(13, 4, 10)	1	0	119213	263748	17	16
(4, 14, 10)	1	0	689416	662673	34	33
(14, 4, 10)	2	0	67057	225289	13	13
(4, 15, 10)	2	0	557381	608189	31	31
(15, 4, 10)	2	0	516494	619810	27	27
(5, 6, 10)	2	0	787770	687485	33	33
(6, 5, 10)	2	0	695648	735668	28	28
(5, 7, 10)	1	0	902200	615048	46	45
(7, 5, 10)	2	0	386964	566640	26	26
(5, 8, 10)	2	0	891151	679845	43	43
(8, 5, 10)	2	0	571188	764213	36	36
(5, 9, 10)	2	0	631068	164064	27	27
(9, 5, 10)	1	0	539176	949931	74	73
(5, 10, 10)	2	0	592417	442724	19	19
(10, 5, 10)	2	0	850609	740666	34	34
(5, 11, 10)	1	0	708928	257073	30	29
(11, 5, 10)	1	0	209012	177569	26	25
(5, 12, 10)	1	0	928730	918109	58	57
(12, 5, 10)	1	0	811479	898447	39	38
(5, 13, 10)	2	0	703178	243481	34	34
(13, 5, 10)	2	0	208398	731926	32	32
(5, 14, 10)	2	0	770239	654164	30	30
(14, 5, 10)	2	0	88279	158956	15	15
(5, 15, 10)	1	0	834289	501948	34	33
(15, 5, 10)	2	0	569597	463363	30	30
(6, 7, 10)	2	0	916747	685424	50	50
(7, 6, 10)	1	0	660237	709647	46	45
(6, 8, 10)	1	0	663793	515956	33	32
(8, 6, 10)	1	0	376990	347089	22	21
(6, 9, 10)	1	0	500991	107191	22	21
(9, 6, 10)	1	0	377651	854824	49	48
(6, 10, 10)	1	0	471564	625745	22	21
(10, 6, 10)	2	0	887110	750740	38	38
(6, 11, 10)	2	0	455412	242238	26	26
(11, 6, 10)	2	0	352136	384492	22	22
(6, 12, 10)	2	0	855442	866980	49	49
(12, 6, 10)	1	0	791891	601674	32	31
(6, 13, 10)	2	0	771675	191479	28	28
(13, 6, 10)	1	0	110776	431347	23	22
(6, 14, 10)	1	0	872890	958661	54	53
(14, 6, 10)	2	0	139215	135762	14	14
(6, 15, 10)	1	0	802738	674429	42	41
(15, 6, 10)	2	0	661217	544687	30	30
(7, 8, 10)	2	0	520092	531263	38	38
(8, 7, 10)	1	0	323975	211849	21	20
(7, 9, 10)	2	0	489076	300429	31	31
(9, 7, 10)	2	0	280359	382289	30	30
(7, 10, 10)	1	0	327833	775324	30	29
(10, 7, 10)	1	0	971483	695660	57	56
(7, 11, 10)	2	0	313504	307068	28	28
(11, 7, 10)	1	0	421813	398606	33	32
(7, 12, 10)	2	0	486797	564996	33	33
(12, 7, 10)	1	0	587610	352770	32	31
(7, 13, 10)	1	0	489810	158446	38	37
(13, 7, 10)	1	0	65136	181950	21	20
(7, 14, 10)	1	0	605880	881000	43	42
(14, 7, 10)	2	0	264023	110255	23	23
(7, 15, 10)	1	0	375841	410867	27	26
(15, 7, 10)	1	0	638393	523589	38	37
(8, 9, 10)	1	0	579900	247396	32	31
(9, 8, 10)	2	0	92931	104713	13	13
(8, 10, 10)	1	0	244008	368174	21	20
(10, 8, 10)	1	0	876622	645126	36	35
(8, 11, 10)	1	0	635399	446718	35	34
(11, 8, 10)	2	0	463507	543856	35	35
(8, 12, 10)	1	0	472627	751479	28	27
(12, 8, 10)	1	0	731113	457507	32	31
(8, 13, 10)	1	0	653118	309170	39	38
(13, 8, 10)	1	0	653826	770760	51	50
(8, 14, 10)	1	0	241434	199020	21	20
(14, 8, 10)	2	0	63359	44641	15	15
(8, 15, 10)	1	0	396390	313652	19	18
(15, 8, 10)	2	0	511932	382849	28	28
(9, 10, 10)	1	0	328293	848879	41	40
(10, 9, 10)	1	0	793069	134040	28	27
(9, 11, 10)	1	0	216960	314952	28	27
(11, 9, 10)	2	0	529390	359945	47	47
(9, 12, 10)	2	0	153882	271721	26	26
(12, 9, 10)	1	0	615050	278316	34	33
(9, 13, 10)	1	0	379879	528529	51	50
(13, 9, 10)	2	0	999304	565727	59	59
(9, 14, 10)	1	0	246082	518965	27	26
(14, 9, 10)	2	0	62137	14979	14	14
(9, 15, 10)	1	0	223148	637105	33	32
(15, 9, 10)	1	0	645431	293035	38	37
(10, 11, 10)	2	0	798921	321174	34	34
(11, 10, 10)	1	0	289040	775218	34	33
(10, 12, 10)	1	0	835942	728931	30	29
(12, 10, 10)	1	0	701729	708363	35	34
(10, 13, 10)	2	0	656321	94863	23	23
(13, 10, 10)	2	0	707917	914082	39	39
(10, 14, 10)	1	0	860236	651028	27	26
(14, 10, 10)	2	0	62376	163204	15	15
(10, 15, 10)	1	0	685944	395896	25	24
(15, 10, 10)	2	0	609469	805968	34	34
(11, 12, 10)	2	0	309100	526932	26	26
(12, 11, 10)	1	0	622401	324598	30	29
(11, 13, 10)	1	0	548448	265204	51	50
(13, 11, 10)	1	0	760816	619238	55	54
(11, 14, 10)	2	0	612873	884338	48	48
(14, 11, 10)	2	0	63708	33988	19	19
(11, 15, 10)	1	0	553277	795700	47	46
(15, 11, 10)	2	0	499694	315984	30	30
(12, 13, 10)	1	0	726181	96321	31	30
(13, 12, 10)	2	0	193892	722486	32	32
(12, 14, 10)	1	0	533513	351259	27	26
(14, 12, 10)	2	0	49584	13614	13	13
(12, 15, 10)	1	0	310969	317935	18	17
(15, 12, 10)	2	0	662808	770928	37	37
(13, 14, 10)	1	0	163825	815846	44	43
(14, 13, 10)	2	0	164233	134760	13	13
(13, 15, 10)	2	0	209943	409128	33	33
(15, 13, 10)	2	0	559896	117236	30	30
(14, 15, 10)	2	0	68626	83354	17	17
(15, 14, 10)	2	0	749459	826990	40	40
(0, 1, 11)	1	0	812959	892068	61	60
(1, 0, 11)	2	0	564593	303264	28	28
(0, 2, 11)	1	0	351107	304005	25	24
(2, 0, 11)	1	0	702103	838052	65	64
(0, 3, 11)	1	0	317481	245715	21	20
(3, 0, 11)	2	0	163799	95795	12	12
(0, 4, 11)	1	0	205100	335132	15	14
(4, 0, 11)	2	0	509922	298847	23	23
(0, 5, 11)	1	0	305584	703529	27	26
(5, 0, 11)	2	0	501379	225237	21	21
(0, 6, 11)	1	0	307998	587612	25	24
(6, 0, 11)	2	0	182448	69334	11	11
(0, 7, 11)	1	0	629141	635300	48	47
(7, 0, 11)	2	0	88438	70934	13	13
(0, 8, 11)	1	0	598787	674096	35	34
(8, 0, 11)	2	0	337985	344875	24	24
(0, 9, 11)	1	0	134294	112194	11	10
(9, 0, 11)	2	0	336369	553973	35	35
(0, 10, 11)	1	0	406520	779006	36	35
(10, 0, 11)	2	0	763039	246070	26	26
(0, 11, 11)	1	0	260428	193535	19	18
(11, 0, 11)	2	0	278907	257226	26	26
(0, 12, 11)	1	0	261412	690469	25	24
(12, 0, 11)	1	0	682058	570712	29	28
(0, 13, 11)	1	0	338269	348765	31	30
(13, 0, 11)	2	0	530449	425689	35	35
(0, 14, 11)	1	0	212353	224112	10	9
(14, 0, 11)	2	0	537090	149935	23	23
(0, 15, 11)	1	0	468014	587697	33	32
(15, 0, 11)	2	0	415597	249181	18	18
(1, 2, 11)	1	0	100077	66699	12	11
(2, 1, 11)	2	0	395989	348516	27	27
(1, 3, 11)	1	0	262873	274692	20	19
(3, 1, 11)	1	0	804611	735397	40	39
(1, 4, 11)	1	0	286014	619775	23	22
(4, 1, 11)	2	0	225231	116044	10	10
(1, 5, 11)	1	0	342140	640554	23	22
(5, 1, 11)	2	0	826155	595482	34	34
(1, 6, 11)	1	0	152977	256260	12	11
(6, 1, 11)	2	0	183729	74520	11	11
(1, 7, 11)	1	0	308074	364163	32	31
(7, 1, 11)	2	0	88771	73058	15	15
(1, 8, 11)	1	0	475954	518159	33	32
(8, 1, 11)	2	0	122841	112706	14	14
(1, 9, 11)	1	0	287521	287529	25	24
(9, 1, 11)	2	0	409264	525555	39	39
(1, 10, 11)	1	0	409365	816355	31	30
(10, 1, 11)	2	0	699005	403785	23	23
(1, 11, 11)	1	0	524877	379163	32	31
(11, 1, 11)	2	0	437749	568924	36	36
(1, 12, 11)	1	0	231473	560996	28	27
(12, 1, 11)	2	0	985485	905242	78	78
(1, 13, 11)	1	0	88037	32832	16	15
(13, 1, 11)	2	0	173294	295673	23	23
(1, 14, 11)	1	0	98942	400690	12	11
(14, 1, 11)	2	0	406480	226467	13	13
(1, 15, 11)	1	0	574336	658231	35	34
(15, 1, 11)	2	0	94357	113150	8	8
(2, 3, 11)	1	0	31886	125314	16	15
(3, 2, 11)	2	0	454856	263185	20	20
(2, 4, 11)	1	0	615626	781843	45	44
(4, 2, 11)	2	0	885764	785442	52	52
(2, 5, 11)	1	0	271827	641356	33	32
(5, 2, 11)	2	0	935758	663047	48	48
(2, 6, 11)	1	0	371730	639560	28	27
(6, 2, 11)	2	0	331034	60401	16	16
(2, 7, 11)	1	0	461399	568262	36	35
(7, 2, 11)	2	0	347930	210832	27	27
(2, 8, 11)	1	0	357710	449702	26	25
(8, 2, 11)	1	0	285369	460194	20	19
(2, 9, 11)	1	0	330827	244656	28	27
(9, 2, 11)	2	0	178607	244794	17	17
(2, 10, 11)	1	0	115668	250616	14	13
(10, 2, 11)	2	0	840499	390657	33	33
(2, 11, 11)	1	0	257742	223764	19	18
(11, 2, 11)	2	0	277848	419472	28	28
(2, 12, 11)	1	0	318733	756347	27	26
(12, 2, 11)	1	0	508336	399640	25	24
(2, 13, 11)	1	0	251170	138350	33	32
(13, 2, 11)	2	0	86649	138646	25	25
(2, 14, 11)	1	0	221114	494560	15	14
(14, 2, 11)	2	0	623277	315450	20	20
(2, 15, 11)	1	0	277056	422659	22	21
(15, 2, 11)	2	0	477419	414798	21	21
(3, 4, 11)	2	0	754363	758690	33	33
(4, 3, 11)	1	0	579116	569808	21	20
(3, 5, 11)	1	0	864840	906868	42	41
(5, 3, 11)	2	0	785318	439399	29	29
(3, 6, 11)	1	0	401561	836316	34	33
(6, 3, 11)	2	0	782974	617475	33	33
(3, 7, 11)	1	0	253031	193979	21	20
(7, 3, 11)	2	0	326540	461431	35	35
(3, 8, 11)	1	0	788730	622825	38	37
(8, 3, 11)	2	0	375250	303259	22	22
(3, 9, 11)	1	0	489460	298595	25	24
(9, 3, 11)	2	0	330468	633694	23	23
(3, 10, 11)	1	0	186204	449495	18	17
(10, 3, 11)	1	0	352975	120521	9	8
(3, 11, 11)	2	0	184209	134113	13	13
(11, 3, 11)	2	0	319137	535150	27	27
(3, 12, 11)	1	0	869513	921786	41	40
(12, 3, 11)	1	0	823505	542917	33	32
(3, 13, 11)	1	0	160779	44533	15	14
(13, 3, 11)	2	0	138494	263280	24	24
(3, 14, 11)	1	0	176268	503978	23	22
(14, 3, 11)	2	0	431466	273477	17	17
(3, 15, 11)	1	0	908431	790648	42	41
(15, 3, 11)	2	0	503701	568370	23	23
(4, 5, 11)	1	0	846328	943313	50	49
(5, 4, 11)	1	0	747595	733181	31	30
(4, 6, 11)	2	0	335143	213715	11	11
(6, 4, 11)	2	0	715056	673403	29	29
(4, 7, 11)	1	0	846208	703686	46	45
(7, 4, 11)	2	0	371156	600224	26	26
(4, 8, 11)	1	0	300392	154083	11	10
(8, 4, 11)	1	0	208402	509964	18	17
(4, 9, 11)	2	0	335094	92605	11	11
(9, 4, 11)	2	0	225693	484324	16	16
(4, 10, 11)	1	0	457334	255020	14	13
(10, 4, 11)	2	0	846830	656498	33	33
(4, 11, 11)	1	0	429143	81876	16	15
(11, 4, 11)	2	0	334985	638615	30	30
(4, 12, 11)	1	0	733011	779762	33	32
(12, 4, 11)	1	0	542878	484497	23	22
(4, 13, 11)	1	0	704654	238411	29	28
(13, 4, 11)	2	0	381595	689389	31	31
(4, 14, 11)	1	0	600047	677238	26	25
(14, 4, 11)	2	0	485880	429134	13	13
(4, 15, 11)	1	0	457513	116082	13	12
(15, 4, 11)	1	0	603485	579096	28	27
(5, 6, 11)	2	0	873815	897579	42	42
(6, 5, 11)	2	0	756594	655873	27	27
(5, 7, 11)	2	0	714721	483499	30	30
(7, 5, 11)	1	0	152471	277410	21	20
(5, 8, 11)	1	0	538734	502038	25	24
(8, 5, 11)	1	0	255344	364343	15	14
(5, 9, 11)	1	0	277807	165195	20	19
(9, 5, 11)	2	0	280329	578756	24	24
(5, 10, 11)	1	0	303069	457043	16	15
(10, 5, 11)	1	0	420643	222346	15	14
(5, 11, 11)	2	0	442320	129012	13	13
(11, 5, 11)	2	0	542296	798832	38	38
(5, 12, 11)	2	0	735180	565964	30	30
(12, 5, 11)	1	0	438219	255479	18	17
(5, 13, 11)	1	0	483096	168571	23	22
(13, 5, 11)	2	0	62008	425188	18	18
(5, 14, 11)	1	0	689961	667161	25	24
(14, 5, 11)	1	0	597860	578983	21	20
(5, 15, 11)	1	0	887536	727931	43	42
(15, 5, 11)	2	0	481603	501760	30	30
(6, 7, 11)	1	0	513557	427370	27	26
(7, 6, 11)	1	0	217676	314544	16	15
(6, 8, 11)	1	0	401287	401455	21	20
(8, 6, 11)	1	0	450170	730184	28	27
(6, 9, 11)	2	0	834078	328395	31	31
(9, 6, 11)	2	0	280195	538198	26	26
(6, 10, 11)	2	0	858146	961352	46	46
(10, 6, 11)	2	0	658161	422613	23	23
(6, 11, 11)	1	0	156613	62407	13	12
(11, 6, 11)	1	0	170154	389494	19	18
(6, 12, 11)	1	0	747302	862573	46	45
(12, 6, 11)	2	0	821558	642568	29	29
(6, 13, 11)	1	0	408714	38891	16	15
(13, 6, 11)	2	0	174267	531181	19	19
(6, 14, 11)	1	0	326618	398871	16	15
(14, 6, 11)	2	0	431565	267365	17	17
(6, 15, 11)	2	0	695053	646469	31	31
(15, 6, 11)	1	0	344019	539630	16	15
(7, 8, 11)	2	0	330477	324191	21	21
(8, 7, 11)	1	0	430787	448669	28	27
(7, 9, 11)	2	0	427780	265071	29	29
(9, 7, 11)	1	0	305522	550155	38	37
(7, 10, 11)	1	0	176346	372249	17	16
(10, 7, 11)	2	0	564302	257551	21	21
(7, 11, 11)	1	0	93798	62677	13	12
(11, 7, 11)	2	0	440723	541564	37	37
(7, 12, 11)	2	0	384997	512996	32	32
(12, 7, 11)	1	0	848666	628825	43	42
(7, 13, 11)	1	0	239243	40748	17	16
(13, 7, 11)	2	0	489645	495583	35	35
(7, 14, 11)	1	0	166122	400259	15	14
(14, 7, 11)	2	0	458483	241656	15	15
(7, 15, 11)	1	0	343236	473370	23	22
(15, 7, 11)	2	0	826473	624335	46	46
(8, 9, 11)	1	0	392981	261492	21	20
(9, 8, 11)	2	0	243085	368718	26	26
(8, 10, 11)	1	0	116085	464386	15	14
(10, 8, 11)	2	0	889412	652289	36	36
(8, 11, 11)	1	0	244695	201251	19	18
(11, 8, 11)	2	0	317920	475176	24	24
(8, 12, 11)	1	0	451438	613743	28	27
(12, 8, 11)	1	0	487045	439445	22	21
(8, 13, 11)	2	0	510508	186811	29	29
(13, 8, 11)	2	0	205847	459576	21	21
(8, 14, 11)	1	0	218119	330947	14	13
(14, 8, 11)	2	0	382608	164671	15	15
(8, 15, 11)	1	0	166268	240825	15	14
(15, 8, 11)	2	0	92832	98049	9	9
(9, 10, 11)	1	0	157160	673209	21	20
(10, 9, 11)	1	0	251065	95088	12	11
(9, 11, 11)	1	0	141286	258934	25	24
(11, 9, 11)	2	0	129475	54334	13	13
(9, 12, 11)	2	0	306649	572850	26	26
(12, 9, 11)	1	0	275875	169087	17	16
(9, 13, 11)	1	0	137626	194527	15	14
(13, 9, 11)	1	0	275831	289955	25	24
(9, 14, 11)	2	0	382182	722481	35	35
(14, 9, 11)	2	0	707094	279342	27	27
(9, 15, 11)	1	0	392587	776384	39	38
(15, 9, 11)	2	0	812087	603118	56	56
(10, 11, 11)	1	0	731897	254209	23	22
(11, 10, 11)	2	0	581472	935245	43	43
(10, 12, 11)	2	0	703944	382021	20	20
(12, 10, 11)	1	0	693862	920412	32	31
(10, 13, 11)	1	0	755158	195338	27	26
(13, 10, 11)	1	0	203172	700235	22	21
(10, 14, 11)	1	0	481052	484464	13	12
(14, 10, 11)	2	0	657845	762904	23	23
(10, 15, 11)	1	0	355133	197020	14	13
(15, 10, 11)	1	0	446052	694306	28	27
(11, 12, 11)	2	0	380513	469864	30	30
(12, 11, 11)	1	0	211887	81785	16	15
(11, 13, 11)	1	0	106233	31313	14	13
(13, 11, 11)	2	0	194974	121657	14	14
(11, 14, 11)	2	0	287888	572708	26	26
(14, 11, 11)	2	0	420243	125852	20	20
(11, 15, 11)	1	0	533415	827076	55	54
(15, 11, 11)	1	0	176676	126740	18	17
(12, 13, 11)	1	0	274217	32819	19	18
(13, 12, 11)	2	0	123172	192928	19	19
(12, 14, 11)	1	0	417290	497660	15	14
(14, 12, 11)	2	0	440232	203633	15	15
(12, 15, 11)	1	0	275545	318666	19	18
(15, 12, 11)	2	0	487061	615266	24	24
(13, 14, 11)	1	0	121560	644420	27	26
(14, 13, 11)	2	0	636104	54732	20	20
(13, 15, 11)	1	0	217239	305306	18	17
(15, 13, 11)	1	0	524844	144280	31	30
(14, 15, 11)	1	0	303840	172425	12	11
(15, 14, 11)	1	0	219390	482411	14	13
