(0, 1, 0)	1	0	17293	158	25	24
(1, 0, 0)	1	0	114	9699	15	14
(0, 2, 0)	2	0	6415	40427	10	10
(2, 0, 0)	2	0	117612	17950	20	20
(0, 3, 0)	1	0	31795	31507	48	47
(3, 0, 0)	2	3	133245	130709	196	195
(0, 4, 0)	1	0	17977	8021	26	25
(4, 0, 0)	2	0	797	4143	6	6
(0, 5, 0)	2	0	10756	256	16	16
(5, 0, 0)	1	0	42669	15089	24	23
(0, 6, 0)	2	0	6944	40237	10	10
(6, 0, 0)	1	0	41863	5760	9	8
(0, 7, 0)	1	0	11648	11104	14	13
(7, 0, 0)	2	0	12634	9119	14	14
(0, 8, 0)	2	0	7427	2393	10	10
(8, 0, 0)	2	0	1749	5578	9	9
(0, 9, 0)	1	0	6691	6718	10	9
(9, 0, 0)	2	0	8683	7212	11	11
(0, 10, 0)	1	0	6250	53	9	8
(10, 0, 0)	2	0	64	6673	9	9
(0, 11, 0)	1	0	15722	26226	22	21
(11, 0, 0)	2	0	16001	7251	12	12
(0, 12, 0)	1	3	2912	10051	4	4
(12, 0, 0)	2	4	20863	4461	7	7
(1, 2, 0)	2	0	68	64904	12	12
(2, 1, 0)	2	0	59287	97	10	10
(1, 3, 0)	1	3	1485	132429	194	194
(3, 1, 0)	1	0	20107	148	29	28
(1, 4, 0)	1	0	76	769	8	7
(4, 1, 0)	2	0	3557	141	20	20
(1, 5, 0)	1	0	106	2773	14	13
(5, 1, 0)	1	0	4238	138	19	18
(1, 6, 0)	1	0	94	64158	15	14
(6, 1, 0)	1	0	148675	281	38	37
(1, 7, 0)	2	0	449	65276	77	77
(7, 1, 0)	2	0	31356	250	26	26
(1, 8, 0)	1	0	93	2619	12	11
(8, 1, 0)	2	0	1666	73	8	8
(1, 9, 0)	1	0	40	1843	4	3
(9, 1, 0)	1	0	6183	100	8	7
(1, 10, 0)	1	0	76	130	8	7
(10, 1, 0)	2	0	57	74	8	8
(1, 11, 0)	1	0	77	6540	6	5
(11, 1, 0)	2	0	15296	92	12	12
(1, 12, 0)	1	3	16	9485	3	3
(12, 1, 0)	2	3	8578	25	3	2
(2, 3, 0)	1	0	176307	45052	76	75
(3, 2, 0)	2	0	6630	39005	10	10
(2, 4, 0)	2	0	61867	1240	7	7
(4, 2, 0)	2	0	2017	32940	12	12
(2, 5, 0)	2	4	81059	2808	11	11
(5, 2, 0)	2	0	354	26067	10	10
(2, 6, 0)	2	0	62697	26156	8	8
(6, 2, 0)	1	0	27915	54554	8	7
(2, 7, 0)	2	0	62634	6291	8	8
(7, 2, 0)	1	0	7758	59749	10	9
(2, 8, 0)	1	0	101387	8592	26	25
(8, 2, 0)	1	0	3705	68778	15	14
(2, 9, 0)	1	0	32859	3681	6	5
(9, 2, 0)	2	0	2737	24819	4	4
(2, 10, 0)	1	0	53608	100	11	10
(10, 2, 0)	2	0	162	80138	16	16
(2, 11, 0)	1	0	17301	3859	4	3
(11, 2, 0)	2	0	6370	35352	5	5
(2, 12, 0)	1	0	21413	8936	4	3
(12, 2, 0)	2	4	22377	40943	6	6
(3, 4, 0)	2	0	8827	3027	14	14
(4, 3, 0)	2	0	2209	8209	13	13
(3, 5, 0)	1	0	29031	368	42	41
(5, 3, 0)	2	0	238	8196	10	10
(3, 6, 0)	0	0	124040	151059	197	197
(6, 3, 0)	2	0	149760	51966	84	84
(3, 7, 0)	1	0	40894	48880	60	59
(7, 3, 0)	2	0	37880	37067	42	42
(3, 8, 0)	1	0	11064	3640	16	15
(8, 3, 0)	2	0	11805	19451	31	31
(3, 9, 0)	1	0	6086	4563	7	6
(9, 3, 0)	2	0	4578	4340	6	6
(3, 10, 0)	1	0	21649	218	29	28
(10, 3, 0)	2	0	128	6970	9	9
(3, 11, 0)	1	0	38017	67969	60	59
(11, 3, 0)	2	0	21817	10919	15	15
(3, 12, 0)	1	3	2220	9452	3	3
(12, 3, 0)	2	3	9077	1432	3	2
(4, 5, 0)	1	0	631	115	4	3
(5, 4, 0)	2	0	139	1017	6	6
(4, 6, 0)	2	0	777	16303	5	5
(6, 4, 0)	1	0	32425	801	8	7
(4, 7, 0)	2	0	10971	41162	37	37
(7, 4, 0)	2	0	15574	2483	18	18
(4, 8, 0)	2	0	3287	4725	16	16
(8, 4, 0)	2	0	1875	1109	9	9
(4, 9, 0)	1	0	621	3600	5	4
(9, 4, 0)	1	0	9742	1238	11	10
(4, 10, 0)	1	0	6189	153	24	23
(10, 4, 0)	2	0	86	1116	7	7
(4, 11, 0)	1	0	519	4091	4	3
(11, 4, 0)	2	0	11812	1718	9	9
(4, 12, 0)	1	0	506	8155	4	3
(12, 4, 0)	2	3	27556	771	5	4
(5, 6, 0)	2	0	127	28096	8	8
(6, 5, 0)	1	0	20920	136	4	3
(5, 7, 0)	1	0	1136	16694	21	20
(7, 5, 0)	1	0	5615	119	7	6
(5, 8, 0)	1	0	939	4473	16	15
(8, 5, 0)	1	0	1318	203	7	6
(5, 9, 0)	1	0	120	4583	8	7
(9, 5, 0)	2	0	2722	71	4	4
(5, 10, 0)	1	0	6099	125	15	14
(10, 5, 0)	2	0	141	325	14	14
(5, 11, 0)	1	0	928	14011	12	11
(11, 5, 0)	2	0	20642	1860	15	15
(5, 12, 0)	1	3	20	32877	6	6
(12, 5, 0)	2	4	14076	19	6	6
(6, 7, 0)	1	0	27962	6474	8	7
(7, 6, 0)	2	0	16712	90484	18	18
(6, 8, 0)	1	0	16756	979	6	5
(8, 6, 0)	2	0	2016	35764	9	9
(6, 9, 0)	1	0	27965	3617	6	5
(9, 6, 0)	2	0	2744	14467	5	5
(6, 10, 0)	1	0	21072	62	7	6
(10, 6, 0)	2	0	84	26923	8	8
(6, 11, 0)	1	0	34878	7984	7	6
(11, 6, 0)	2	0	7999	28027	6	6
(6, 12, 0)	1	3	20938	9270	4	4
(12, 6, 0)	2	3	18209	13964	4	3
(7, 8, 0)	1	0	19616	3753	16	15
(8, 7, 0)	2	0	8329	22381	26	26
(7, 9, 0)	1	0	2671	1829	4	3
(9, 7, 0)	2	0	5460	5709	8	8
(7, 10, 0)	1	0	69563	453	80	79
(10, 7, 0)	2	0	70	6715	8	8
(7, 11, 0)	1	0	4724	6457	6	5
(11, 7, 0)	2	0	7982	4689	6	6
(7, 12, 0)	1	3	2673	8937	3	3
(12, 7, 0)	2	4	8750	2561	3	3
(8, 9, 0)	1	0	1522	1842	4	3
(9, 8, 0)	2	0	3630	910	4	4
(8, 10, 0)	1	0	7099	167	23	22
(10, 8, 0)	2	0	135	3290	14	14
(8, 11, 0)	1	0	912	3969	4	3
(11, 8, 0)	2	0	8234	1293	6	6
(8, 12, 0)	1	0	787	8125	4	3
(12, 8, 0)	2	3	31704	1651	6	5
(9, 10, 0)	2	0	3666	56	5	5
(10, 9, 0)	2	0	51	5550	7	7
(9, 11, 0)	2	0	2686	5332	4	4
(11, 9, 0)	1	0	11590	6339	9	8
(9, 12, 0)	1	0	2706	8108	4	3
(12, 9, 0)	2	3	8563	1807	3	2
(10, 11, 0)	1	0	210	37912	32	31
(11, 10, 0)	2	0	10603	123	8	8
(10, 12, 0)	1	3	33	9687	3	3
(12, 10, 0)	1	0	45320	78	12	11
(11, 12, 0)	1	0	5177	8985	4	3
(12, 11, 0)	2	0	42209	5208	4	4
(0, 1, 1)	1	0	6774	100	8	7
(1, 0, 1)	1	0	89	8567	11	10
(0, 2, 1)	1	0	10991	79917	13	12
(2, 0, 1)	1	0	76240	14669	18	17
(0, 3, 1)	1	0	45756	45472	68	67
(3, 0, 1)	1	0	27995	27063	42	41
(0, 4, 1)	1	0	11025	4345	17	16
(4, 0, 1)	2	0	1246	3291	5	5
(0, 5, 1)	2	0	11708	2567	13	13
(5, 0, 1)	1	0	1535	9159	11	10
(0, 6, 1)	2	0	6218	41606	9	9
(6, 0, 1)	1	0	55044	7776	12	11
(0, 7, 1)	1	0	18039	17851	21	20
(7, 0, 1)	2	0	4371	4115	5	5
(0, 8, 1)	1	0	9347	3646	15	14
(8, 0, 1)	2	0	3128	9818	13	13
(0, 9, 1)	1	0	8966	9927	14	13
(9, 0, 1)	2	0	5433	5103	8	8
(0, 10, 1)	1	0	7793	91	9	8
(10, 0, 1)	2	0	93	7995	11	11
(0, 11, 1)	1	0	6942	12864	11	10
(11, 0, 1)	2	0	7686	3857	6	6
(0, 12, 1)	1	4	2911	8033	4	3
(12, 0, 1)	2	3	8297	1479	3	2
(1, 2, 1)	1	0	95	62903	12	11
(2, 1, 1)	2	0	74677	99	13	13
(1, 3, 1)	1	0	119	9459	11	10
(3, 1, 1)	1	0	19566	175	28	27
(1, 4, 1)	2	0	80	1594	9	9
(4, 1, 1)	2	0	2647	126	14	14
(1, 5, 1)	2	0	53	121	5	5
(5, 1, 1)	1	0	4175	114	16	15
(1, 6, 1)	2	0	131	19294	10	10
(6, 1, 1)	1	0	90542	106	15	14
(1, 7, 1)	1	0	93	14466	12	11
(7, 1, 1)	1	0	68341	648	75	74
(1, 8, 1)	1	0	68	709	5	4
(8, 1, 1)	2	0	5367	119	19	19
(1, 9, 1)	1	0	21	958	2	1
(9, 1, 1)	2	0	4557	57	5	5
(1, 10, 1)	1	0	27	68	2	1
(10, 1, 1)	2	0	123	78	11	11
(1, 11, 1)	1	0	51	3970	4	3
(11, 1, 1)	2	0	22547	126	18	18
(1, 12, 1)	1	3	32	8360	3	3
(12, 1, 1)	2	0	9172	48	3	3
(2, 3, 1)	2	0	114566	15469	24	24
(3, 2, 1)	1	4	34664	151236	42	41
(2, 4, 1)	2	0	90616	3789	16	16
(4, 2, 1)	1	0	2245	67570	14	13
(2, 5, 1)	2	0	99584	11393	23	23
(5, 2, 1)	1	0	3249	55664	16	15
(2, 6, 1)	2	0	66932	62834	15	15
(6, 2, 1)	1	0	34842	36325	9	8
(2, 7, 1)	1	0	70170	15558	21	20
(7, 2, 1)	2	0	12060	66151	15	15
(2, 8, 1)	1	0	97575	9672	30	29
(8, 2, 1)	1	0	2599	46921	12	11
(2, 9, 1)	1	0	39940	3611	7	6
(9, 2, 1)	1	0	6348	46504	10	9
(2, 10, 1)	1	0	71955	102	14	13
(10, 2, 1)	2	0	159	97478	21	21
(2, 11, 1)	1	0	69486	12635	11	10
(11, 2, 1)	1	0	3844	17386	3	2
(2, 12, 1)	1	4	40171	10021	5	4
(12, 2, 1)	2	3	8797	17495	3	2
(3, 4, 1)	2	0	9267	1705	10	10
(4, 3, 1)	1	0	9143	27457	31	30
(3, 5, 1)	1	0	35179	11401	57	56
(5, 3, 1)	1	0	45	12290	21	20
(3, 6, 1)	1	0	81117	149662	118	117
(6, 3, 1)	2	0	148917	27789	40	40
(3, 7, 1)	1	0	91564	92070	111	110
(7, 3, 1)	2	0	57316	56264	63	63
(3, 8, 1)	1	0	22570	14153	37	36
(8, 3, 1)	2	0	74867	57731	89	89
(3, 9, 1)	1	0	2849	2764	4	3
(9, 3, 1)	2	0	3630	3036	4	4
(3, 10, 1)	1	0	35011	343	41	40
(10, 3, 1)	2	0	222	22882	25	25
(3, 11, 1)	1	0	23012	41243	33	32
(11, 3, 1)	2	0	19251	9051	15	15
(3, 12, 1)	2	0	5976	24067	10	10
(12, 3, 1)	2	4	12348	2286	4	4
(4, 5, 1)	2	0	1786	14650	16	16
(5, 4, 1)	2	0	300	416	5	5
(4, 6, 1)	2	0	1567	22012	7	7
(6, 4, 1)	1	0	37497	1166	9	8
(4, 7, 1)	2	0	7037	26798	31	31
(7, 4, 1)	2	0	31068	10727	36	36
(4, 8, 1)	1	0	4304	4829	19	18
(8, 4, 1)	2	0	8367	5318	25	25
(4, 9, 1)	1	0	292	912	2	1
(9, 4, 1)	2	0	3629	302	4	4
(4, 10, 1)	1	0	246	83	2	1
(10, 4, 1)	2	0	195	11367	32	32
(4, 11, 1)	1	0	302	1427	2	1
(11, 4, 1)	2	0	9517	1084	7	7
(4, 12, 1)	1	0	292	3193	2	1
(12, 4, 1)	2	0	5619	246	2	2
(5, 6, 1)	2	0	1557	48890	11	11
(6, 5, 1)	1	0	48835	163	9	8
(5, 7, 1)	1	0	371	5906	8	7
(7, 5, 1)	1	0	4875	166	6	5
(5, 8, 1)	1	0	6004	7503	26	25
(8, 5, 1)	1	0	1638	257	8	7
(5, 9, 1)	1	0	73	1854	3	2
(9, 5, 1)	2	0	3629	95	4	4
(5, 10, 1)	1	0	1100	89	9	8
(10, 5, 1)	2	0	393	10403	51	51
(5, 11, 1)	1	0	26	4202	4	3
(11, 5, 1)	2	0	9239	292	7	7
(5, 12, 1)	1	0	152	8156	4	3
(12, 5, 1)	2	0	5870	73	2	2
(6, 7, 1)	1	0	44923	8206	11	10
(7, 6, 1)	2	0	4261	14014	5	5
(6, 8, 1)	1	0	62811	2210	11	10
(8, 6, 1)	2	0	5458	69565	19	19
(6, 9, 1)	1	0	7006	942	2	1
(9, 6, 1)	2	0	3614	6984	4	4
(6, 10, 1)	1	0	6996	67	2	1
(10, 6, 1)	2	0	111	43729	10	10
(6, 11, 1)	1	0	7011	1412	2	1
(11, 6, 1)	2	0	3011	7010	2	2
(6, 12, 1)	1	0	6948	3475	2	1
(12, 6, 1)	2	0	8140	13949	3	3
(7, 8, 1)	1	0	16755	5033	19	18
(8, 7, 1)	1	0	4096	17436	16	15
(7, 9, 1)	1	0	2692	1813	4	3
(9, 7, 1)	2	0	9085	7629	11	11
(7, 10, 1)	2	0	29964	282	35	35
(10, 7, 1)	2	0	98	10423	12	12
(7, 11, 1)	1	0	3625	5052	5	4
(11, 7, 1)	2	0	10776	6401	8	8
(7, 12, 1)	1	3	1759	6479	2	2
(12, 7, 1)	2	3	30365	2501	4	3
(8, 9, 1)	1	0	572	897	2	1
(9, 8, 1)	2	0	3629	770	4	4
(8, 10, 1)	1	0	431	36	2	1
(10, 8, 1)	2	0	206	3049	13	13
(8, 11, 1)	1	0	416	1318	2	1
(11, 8, 1)	2	0	2604	1183	2	2
(8, 12, 1)	1	0	1198	2959	2	1
(12, 8, 1)	2	0	8220	1155	3	3
(9, 10, 1)	1	0	1838	21	2	1
(10, 9, 1)	1	0	70	2756	5	4
(9, 11, 1)	1	0	1564	1271	2	1
(11, 9, 1)	1	0	3898	916	3	2
(9, 12, 1)	1	0	1792	3427	2	1
(12, 9, 1)	2	0	5885	1807	2	2
(10, 11, 1)	2	0	283	48837	41	41
(11, 10, 1)	1	0	4032	41	3	2
(10, 12, 1)	1	3	63	8765	3	3
(12, 10, 1)	1	0	44491	89	12	11
(11, 12, 1)	1	0	3874	5824	3	2
(12, 11, 1)	2	0	8000	3906	3	3
(0, 1, 2)	1	0	4801	81	7	6
(1, 0, 2)	2	0	111	11544	13	13
(0, 2, 2)	1	0	21312	114257	24	23
(2, 0, 2)	1	0	135164	19683	31	30
(0, 3, 2)	1	0	4803	3968	7	6
(3, 0, 2)	1	0	18061	17178	20	19
(0, 4, 2)	1	0	19700	9250	30	29
(4, 0, 2)	2	0	1761	5106	8	8
(0, 5, 2)	2	0	9058	3779	14	14
(5, 0, 2)	1	0	20675	9890	16	15
(0, 6, 2)	2	0	6568	14640	7	7
(6, 0, 2)	1	0	69689	8456	14	13
(0, 7, 2)	1	0	6029	6869	9	8
(7, 0, 2)	2	0	11442	10989	13	13
(0, 8, 2)	1	0	19257	7958	25	24
(8, 0, 2)	2	0	1780	5561	9	9
(0, 9, 2)	1	0	3400	2757	5	4
(9, 0, 2)	2	0	3666	3747	5	5
(0, 10, 2)	1	0	6126	80	7	6
(10, 0, 2)	2	0	113	9099	10	10
(0, 11, 2)	1	0	3752	7026	6	5
(11, 0, 2)	2	0	13331	6056	10	10
(0, 12, 2)	1	3	3168	18807	5	5
(12, 0, 2)	2	3	26101	3500	7	6
(1, 2, 2)	2	0	113	75985	16	16
(2, 1, 2)	1	0	78796	139	20	19
(1, 3, 2)	1	3	1364	177997	191	191
(3, 1, 2)	1	0	22072	245	32	31
(1, 4, 2)	1	0	97	1310	12	11
(4, 1, 2)	1	0	1394	187	10	9
(1, 5, 2)	2	0	352	24013	51	51
(5, 1, 2)	1	0	1259	182	30	29
(1, 6, 2)	2	0	101	44466	11	11
(6, 1, 2)	1	0	47741	132	13	12
(1, 7, 2)	1	0	86	7620	10	9
(7, 1, 2)	1	0	32584	152	26	25
(1, 8, 2)	1	0	129	4765	19	18
(8, 1, 2)	1	0	2095	104	9	8
(1, 9, 2)	2	0	65	6888	9	9
(9, 1, 2)	2	0	2742	38	4	4
(1, 10, 2)	1	0	61	126	13	12
(10, 1, 2)	2	0	89	92	12	12
(1, 11, 2)	1	0	69	7832	7	6
(11, 1, 2)	2	0	25947	118	20	20
(1, 12, 2)	1	0	22	9702	4	3
(12, 1, 2)	2	0	37663	107	9	9
(2, 3, 2)	1	0	37310	8488	11	10
(3, 2, 2)	1	4	23091	151722	36	35
(2, 4, 2)	1	0	101085	4344	23	22
(4, 2, 2)	1	0	3047	84797	16	15
(2, 5, 2)	2	0	78251	668	13	13
(5, 2, 2)	1	0	830	94069	17	16
(2, 6, 2)	2	0	70496	35633	12	12
(6, 2, 2)	1	0	28324	46632	8	7
(2, 7, 2)	1	0	90660	15379	19	18
(7, 2, 2)	1	0	9009	55378	11	10
(2, 8, 2)	1	0	54972	2703	13	12
(8, 2, 2)	2	0	3731	59626	16	16
(2, 9, 2)	2	0	56588	6384	8	8
(9, 2, 2)	2	0	2739	17254	4	4
(2, 10, 2)	1	0	80282	135	15	14
(10, 2, 2)	2	0	111	50975	12	12
(2, 11, 2)	1	0	58953	13364	11	10
(11, 2, 2)	2	0	5409	24427	4	4
(2, 12, 2)	1	3	32615	9538	4	4
(12, 2, 2)	2	3	8117	17494	3	2
(3, 4, 2)	1	0	43236	27658	67	66
(4, 3, 2)	2	0	33769	64165	79	79
(3, 5, 2)	1	0	50160	964	81	80
(5, 3, 2)	2	0	1322	44262	70	70
(3, 6, 2)	2	0	9819	48733	14	14
(6, 3, 2)	1	0	106257	11933	18	17
(3, 7, 2)	1	0	62171	109620	96	95
(7, 3, 2)	2	0	21034	20637	24	24
(3, 8, 2)	1	0	42067	30315	53	52
(8, 3, 2)	2	0	8892	19573	26	26
(3, 9, 2)	1	0	4105	2710	5	4
(9, 3, 2)	2	0	2756	2583	4	4
(3, 10, 2)	1	0	40544	302	48	47
(10, 3, 2)	2	0	173	16172	21	21
(3, 11, 2)	1	0	17567	34076	28	27
(11, 3, 2)	2	0	68108	40092	60	60
(3, 12, 2)	1	0	2271	8249	4	3
(12, 3, 2)	1	0	21118	6233	10	9
(4, 5, 2)	2	0	1982	3457	15	15
(5, 4, 2)	1	0	20340	3699	24	23
(4, 6, 2)	2	0	1784	69829	13	13
(6, 4, 2)	1	0	40426	1077	10	9
(4, 7, 2)	1	0	3986	19446	23	22
(7, 4, 2)	2	0	26331	8640	24	24
(4, 8, 2)	1	0	2322	2804	14	13
(8, 4, 2)	2	0	3455	3561	15	15
(4, 9, 2)	1	0	587	2693	5	4
(9, 4, 2)	1	0	8160	984	10	9
(4, 10, 2)	1	0	1926	90	10	9
(10, 4, 2)	2	0	105	2602	11	11
(4, 11, 2)	1	0	990	7924	7	6
(11, 4, 2)	2	0	19286	1999	15	15
(4, 12, 2)	1	4	663	7899	4	3
(12, 4, 2)	2	3	17230	613	5	4
(5, 6, 2)	2	0	532	69669	12	12
(6, 5, 2)	1	0	128280	12701	27	26
(5, 7, 2)	1	0	322	6779	9	8
(7, 5, 2)	2	0	9792	779	11	11
(5, 8, 2)	1	0	3557	3470	16	15
(8, 5, 2)	2	0	3345	2151	15	15
(5, 9, 2)	1	0	130	4538	7	6
(9, 5, 2)	2	0	4531	325	6	6
(5, 10, 2)	1	0	4035	212	20	19
(10, 5, 2)	2	0	114	1171	15	15
(5, 11, 2)	1	0	229	6540	6	5
(11, 5, 2)	2	0	14153	214	11	11
(5, 12, 2)	1	0	27	15923	7	6
(12, 5, 2)	2	4	12806	82	5	5
(6, 7, 2)	1	0	43871	9381	11	10
(7, 6, 2)	2	0	14225	58536	15	15
(6, 8, 2)	1	0	28559	1706	8	7
(8, 6, 2)	2	0	1612	29148	9	9
(6, 9, 2)	2	0	63232	9566	14	14
(9, 6, 2)	2	0	2739	13986	4	4
(6, 10, 2)	1	0	34912	152	9	8
(10, 6, 2)	2	0	120	36966	9	9
(6, 11, 2)	1	0	27936	6385	6	5
(11, 6, 2)	2	0	8481	31260	6	6
(6, 12, 2)	1	0	20923	13816	5	4
(12, 6, 2)	2	4	10006	20908	4	4
(7, 8, 2)	1	0	16442	2719	13	12
(8, 7, 2)	1	0	3847	13359	16	15
(7, 9, 2)	1	0	5857	6347	9	8
(9, 7, 2)	2	0	3638	4233	6	6
(7, 10, 2)	1	0	11366	110	13	12
(10, 7, 2)	2	0	132	13989	16	16
(7, 11, 2)	1	0	6841	10158	9	8
(11, 7, 2)	2	0	6714	4025	5	5
(7, 12, 2)	1	0	3505	8533	4	3
(12, 7, 2)	2	4	8486	2547	3	3
(8, 9, 2)	1	0	1225	1852	4	3
(9, 8, 2)	2	0	5456	1351	7	7
(8, 10, 2)	1	0	3630	123	15	14
(10, 8, 2)	2	0	175	5055	17	17
(8, 11, 2)	1	0	710	3859	4	3
(11, 8, 2)	2	0	5153	927	4	4
(8, 12, 2)	1	0	709	8750	4	3
(12, 8, 2)	2	3	10771	515	4	3
(9, 10, 2)	2	0	4485	48	6	6
(10, 9, 2)	1	0	59	6369	9	8
(9, 11, 2)	2	0	2707	5366	4	4
(11, 9, 2)	1	0	5303	1813	4	3
(9, 12, 2)	1	3	2718	8561	3	3
(12, 9, 2)	2	3	9553	2733	4	3
(10, 11, 2)	2	0	139	15229	12	12
(11, 10, 2)	1	0	35310	197	29	28
(10, 12, 2)	2	0	412	13901	7	7
(12, 10, 2)	2	4	7856	46	3	3
(11, 12, 2)	1	0	5239	8280	4	3
(12, 11, 2)	2	4	8251	4125	3	3
(0, 1, 3)	1	0	3552	34	4	3
(1, 0, 3)	1	0	66	2630	4	3
(0, 2, 3)	2	0	4107	13827	6	6
(2, 0, 3)	1	0	13473	2749	4	3
(0, 3, 3)	1	0	2738	2047	4	3
(3, 0, 3)	1	0	2677	1985	4	3
(0, 4, 3)	1	0	3319	296	4	3
(4, 0, 3)	1	0	348	2424	4	3
(0, 5, 3)	2	0	2676	3605	4	4
(5, 0, 3)	1	0	871	2014	4	3
(0, 6, 3)	2	0	5449	14039	8	8
(6, 0, 3)	1	0	7462	2686	4	3
(0, 7, 3)	1	0	2662	2611	4	3
(7, 0, 3)	2	0	4252	4300	5	5
(0, 8, 3)	1	0	2475	1952	4	3
(8, 0, 3)	1	0	2306	2989	5	4
(0, 9, 3)	2	0	2537	2005	4	4
(9, 0, 3)	1	0	1613	2250	4	3
(0, 10, 3)	1	0	2220	73	3	2
(10, 0, 3)	2	0	58	1854	2	2
(0, 11, 3)	2	0	4056	6213	5	5
(11, 0, 3)	1	0	5115	1765	4	3
(0, 12, 3)	1	0	1593	5572	3	2
(12, 0, 3)	2	0	5792	1213	2	2
(1, 2, 3)	2	0	85	71928	10	10
(2, 1, 3)	1	0	13425	48	4	3
(1, 3, 3)	1	0	38	2750	4	3
(3, 1, 3)	1	0	3630	44	4	3
(1, 4, 3)	1	0	66	345	4	3
(4, 1, 3)	1	0	3482	128	16	15
(1, 5, 3)	2	0	112	37764	13	13
(5, 1, 3)	1	0	896	47	4	3
(1, 6, 3)	2	0	94	34975	12	12
(6, 1, 3)	1	0	7479	48	4	3
(1, 7, 3)	1	0	52	2765	4	3
(7, 1, 3)	1	0	83299	612	82	81
(1, 8, 3)	1	0	68	1969	4	3
(8, 1, 3)	2	0	2340	90	5	5
(1, 9, 3)	2	0	53	3285	7	7
(9, 1, 3)	1	0	2380	17	4	3
(1, 10, 3)	1	0	30	41	3	2
(10, 1, 3)	2	0	26	41	2	2
(1, 11, 3)	1	0	62	6696	6	5
(11, 1, 3)	1	0	5177	63	4	3
(1, 12, 3)	1	0	32	5662	3	2
(12, 1, 3)	2	0	5666	20	2	2
(2, 3, 3)	1	0	13394	2031	4	3
(3, 2, 3)	2	0	8709	71868	10	10
(2, 4, 3)	1	0	13536	281	4	3
(4, 2, 3)	2	0	2259	75672	11	11
(2, 5, 3)	2	0	61372	12058	12	12
(5, 2, 3)	1	0	13224	93525	15	14
(2, 6, 3)	1	0	87776	63967	18	17
(6, 2, 3)	2	0	31529	12748	8	8
(2, 7, 3)	1	0	13520	2406	4	3
(7, 2, 3)	2	0	13048	93626	15	15
(2, 8, 3)	1	0	13364	1731	4	3
(8, 2, 3)	2	0	2814	11275	8	8
(2, 9, 3)	1	0	79174	8430	12	11
(9, 2, 3)	2	0	2665	25120	5	5
(2, 10, 3)	1	0	13532	73	3	2
(10, 2, 3)	2	0	89	199	2	2
(2, 11, 3)	1	0	52561	6384	6	5
(11, 2, 3)	2	0	4141	11814	3	3
(2, 12, 3)	1	0	17703	5948	3	2
(12, 2, 3)	2	0	5479	2198	2	2
(3, 4, 3)	1	0	3254	249	4	3
(4, 3, 3)	1	0	3536	7442	13	12
(3, 5, 3)	1	4	23063	66166	36	35
(5, 3, 3)	1	0	844	1814	4	3
(3, 6, 3)	1	0	17458	125288	25	24
(6, 3, 3)	1	0	7433	2765	4	3
(3, 7, 3)	1	0	2675	3920	4	3
(7, 3, 3)	2	0	7727	5290	8	8
(3, 8, 3)	1	0	2476	1765	4	3
(8, 3, 3)	2	0	2308	4357	5	5
(3, 9, 3)	2	0	4614	3505	7	7
(9, 3, 3)	1	0	2254	2016	4	3
(3, 10, 3)	1	0	2328	88	3	2
(10, 3, 3)	2	0	42	1527	2	2
(3, 11, 3)	1	0	51870	86105	75	74
(11, 3, 3)	1	0	5160	1861	4	3
(3, 12, 3)	1	0	1782	5652	3	2
(12, 3, 3)	2	0	6698	1056	2	2
(4, 5, 3)	1	4	1043	12009	6	5
(5, 4, 3)	1	0	744	317	5	4
(4, 6, 3)	2	0	1788	43743	10	10
(6, 4, 3)	1	0	7432	265	4	3
(4, 7, 3)	1	0	442	2860	4	3
(7, 4, 3)	2	0	21770	4142	19	19
(4, 8, 3)	1	0	349	1796	4	3
(8, 4, 3)	1	0	2059	225	5	4
(4, 9, 3)	1	0	1557	7600	11	10
(9, 4, 3)	1	0	1708	267	4	3
(4, 10, 3)	1	0	187	26	3	2
(10, 4, 3)	2	0	26	151	2	2
(4, 11, 3)	1	0	433	5162	5	4
(11, 4, 3)	1	0	5130	218	4	3
(4, 12, 3)	1	0	235	5839	3	2
(12, 4, 3)	2	0	6152	104	2	2
(5, 6, 3)	2	0	5378	28435	8	8
(6, 5, 3)	1	0	48969	53086	17	16
(5, 7, 3)	1	0	865	2689	4	3
(7, 5, 3)	2	0	16819	36692	19	19
(5, 8, 3)	1	0	844	1957	5	4
(8, 5, 3)	2	0	3740	2395	10	10
(5, 9, 3)	1	0	1539	3094	7	6
(9, 5, 3)	2	0	2667	3392	5	5
(5, 10, 3)	1	0	568	88	3	2
(10, 5, 3)	2	0	24	131	2	2
(5, 11, 3)	1	0	1703	5160	5	4
(11, 5, 3)	2	0	3820	246	3	3
(5, 12, 3)	1	0	522	5792	3	2
(12, 5, 3)	2	3	6120	6	2	1
(6, 7, 3)	1	0	7463	2851	4	3
(7, 6, 3)	2	0	11332	43345	13	13
(6, 8, 3)	1	0	7431	2027	4	3
(8, 6, 3)	2	0	3278	20908	9	9
(6, 9, 3)	1	0	27876	5213	9	8
(9, 6, 3)	2	0	4333	35240	10	10
(6, 10, 3)	1	0	7748	108	4	3
(10, 6, 3)	2	0	89	67	2	2
(6, 11, 3)	1	0	20881	5052	5	4
(11, 6, 3)	2	0	4094	7033	3	3
(6, 12, 3)	1	0	7054	5962	3	2
(12, 6, 3)	2	3	5855	52	2	1
(7, 8, 3)	1	0	20302	9357	23	22
(8, 7, 3)	2	0	2293	4545	5	5
(7, 9, 3)	2	0	5518	3194	7	7
(9, 7, 3)	1	0	1694	2360	4	3
(7, 10, 3)	1	0	2520	88	3	2
(10, 7, 3)	2	0	42	1713	2	2
(7, 11, 3)	1	0	8799	11845	10	9
(11, 7, 3)	1	0	4990	2359	4	3
(7, 12, 3)	1	0	2516	6058	3	2
(12, 7, 3)	2	3	6120	740	2	1
(8, 9, 3)	2	0	4191	5060	9	9
(9, 8, 3)	1	0	1772	1907	4	3
(8, 10, 3)	1	0	6750	119	18	17
(10, 8, 3)	2	0	74	1525	2	2
(8, 11, 3)	1	0	1625	2573	3	2
(11, 8, 3)	1	0	5286	1859	4	3
(8, 12, 3)	1	0	2093	5152	3	2
(12, 8, 3)	2	0	5994	1463	2	2
(9, 10, 3)	1	0	1296	58	3	2
(10, 9, 3)	2	0	56	41	2	2
(9, 11, 3)	2	0	2036	5021	4	4
(11, 9, 3)	2	0	3735	681	3	3
(9, 12, 3)	1	0	828	5979	3	2
(12, 9, 3)	2	0	6058	57	2	2
(10, 11, 3)	2	0	58	2586	2	2
(11, 10, 3)	1	0	3813	89	3	2
(10, 12, 3)	1	0	44	29381	5	4
(12, 10, 3)	2	4	8686	46	3	3
(11, 12, 3)	1	0	3736	5901	3	2
(12, 11, 3)	2	0	6041	2557	2	2
(0, 1, 4)	1	0	16949	176	19	18
(1, 0, 4)	2	0	56	6973	10	10
(0, 2, 4)	1	0	3860	39340	6	5
(2, 0, 4)	2	0	66649	9216	11	11
(0, 3, 4)	2	0	13287	13588	20	20
(3, 0, 4)	2	3	138441	135691	198	197
(0, 4, 4)	1	0	17575	7867	27	26
(4, 0, 4)	1	0	2022	5735	10	9
(0, 5, 4)	1	0	3337	13	5	4
(5, 0, 4)	2	0	115	4622	5	5
(0, 6, 4)	2	0	11332	105618	19	19
(6, 0, 4)	1	0	35586	5494	9	8
(0, 7, 4)	1	0	14081	13519	17	16
(7, 0, 4)	2	0	6976	4647	7	7
(0, 8, 4)	1	0	4868	1221	8	7
(8, 0, 4)	2	0	1665	7954	9	9
(0, 9, 4)	1	0	3959	2771	5	4
(9, 0, 4)	2	0	5472	5210	7	7
(0, 10, 4)	1	0	5762	71	8	7
(10, 0, 4)	2	0	126	8142	9	9
(0, 11, 4)	1	0	5997	10259	9	8
(11, 0, 4)	2	0	13178	5958	10	10
(0, 12, 4)	1	3	1750	7751	3	3
(12, 0, 4)	2	3	6293	646	2	1
(1, 2, 4)	1	0	82	51303	8	7
(2, 1, 4)	2	0	72594	104	12	12
(1, 3, 4)	2	0	283	24652	27	27
(3, 1, 4)	2	0	59991	420	64	64
(1, 4, 4)	1	0	90	1097	11	10
(4, 1, 4)	2	0	3511	203	18	18
(1, 5, 4)	1	0	69	135	4	3
(5, 1, 4)	1	0	9650	320	48	47
(1, 6, 4)	2	0	80	30143	9	9
(6, 1, 4)	1	0	135194	215	28	27
(1, 7, 4)	1	0	769	88891	98	97
(7, 1, 4)	2	0	8436	78	9	9
(1, 8, 4)	1	0	156	5592	21	20
(8, 1, 4)	1	0	25603	297	50	49
(1, 9, 4)	1	0	52	1861	4	3
(9, 1, 4)	2	0	2723	67	4	4
(1, 10, 4)	1	0	97	88	9	8
(10, 1, 4)	2	0	120	106	17	17
(1, 11, 4)	1	0	80	7661	7	6
(11, 1, 4)	2	0	23631	113	19	19
(1, 12, 4)	1	0	51	7999	4	3
(12, 1, 4)	2	4	9233	63	3	3
(2, 3, 4)	2	4	142568	34544	42	42
(3, 2, 4)	1	0	8694	72611	13	12
(2, 4, 4)	2	0	67738	2574	13	13
(4, 2, 4)	1	0	2319	81922	12	11
(2, 5, 4)	2	0	98735	279	20	20
(5, 2, 4)	1	0	1073	81731	16	15
(2, 6, 4)	2	0	61113	48810	10	10
(6, 2, 4)	1	0	34824	50724	8	7
(2, 7, 4)	1	0	106529	18169	23	22
(7, 2, 4)	1	0	30424	126199	37	36
(2, 8, 4)	1	0	98544	6061	23	22
(8, 2, 4)	2	0	8054	106622	25	25
(2, 9, 4)	2	4	56101	6994	8	8
(9, 2, 4)	2	0	7983	43468	9	9
(2, 10, 4)	2	4	141545	230	31	31
(10, 2, 4)	2	0	128	45689	10	10
(2, 11, 4)	1	0	37298	7671	7	6
(11, 2, 4)	2	0	6461	32433	5	5
(2, 12, 4)	1	0	54266	28523	9	8
(12, 2, 4)	1	0	58763	114176	26	25
(3, 4, 4)	2	0	9495	3409	15	15
(4, 3, 4)	1	0	3214	11721	14	13
(3, 5, 4)	1	0	3545	11	4	3
(5, 3, 4)	1	0	772	10733	14	13
(3, 6, 4)	1	0	75116	149413	114	113
(6, 3, 4)	1	0	57623	10691	13	12
(3, 7, 4)	1	0	43933	44078	50	49
(7, 3, 4)	2	0	127376	71662	109	109
(3, 8, 4)	1	0	18185	7522	24	23
(8, 3, 4)	2	0	11334	27404	31	31
(3, 9, 4)	1	0	7782	9049	12	11
(9, 3, 4)	2	0	2725	2568	4	4
(3, 10, 4)	1	0	19061	239	20	19
(10, 3, 4)	2	0	204	21214	23	23
(3, 11, 4)	1	0	28214	41436	35	34
(11, 3, 4)	2	0	25589	14499	20	20
(3, 12, 4)	1	3	1245	5667	2	2
(12, 3, 4)	1	0	22398	6641	10	9
(4, 5, 4)	1	0	5573	20915	29	28
(5, 4, 4)	1	0	767	1889	13	12
(4, 6, 4)	2	0	1670	37129	12	12
(6, 4, 4)	1	0	33718	868	9	8
(4, 7, 4)	1	0	3152	11604	14	13
(7, 4, 4)	2	0	22237	4817	21	21
(4, 8, 4)	1	0	2638	2292	12	11
(8, 4, 4)	2	0	7281	5750	24	24
(4, 9, 4)	1	0	668	2780	5	4
(9, 4, 4)	2	0	3668	619	5	5
(4, 10, 4)	1	0	2087	83	11	10
(10, 4, 4)	2	0	103	2225	11	11
(4, 11, 4)	1	0	905	6604	6	5
(11, 4, 4)	2	0	9125	967	7	7
(4, 12, 4)	1	4	594	7828	4	3
(12, 4, 4)	2	4	7610	620	3	3
(5, 6, 4)	2	0	381	42068	9	9
(6, 5, 4)	1	0	13949	103	4	3
(5, 7, 4)	2	0	23	4068	4	4
(7, 5, 4)	1	0	6195	130	7	6
(5, 8, 4)	2	0	125	951	6	6
(8, 5, 4)	1	0	1174	142	9	8
(5, 9, 4)	1	0	56	3634	6	5
(9, 5, 4)	2	0	7260	124	8	8
(5, 10, 4)	1	0	1018	141	12	11
(10, 5, 4)	2	0	127	292	12	12
(5, 11, 4)	2	0	17	13005	10	10
(11, 5, 4)	1	0	9005	132	7	6
(5, 12, 4)	1	3	204	28835	9	9
(12, 5, 4)	2	4	13640	95	6	6
(6, 7, 4)	1	0	89650	16357	19	18
(7, 6, 4)	2	0	5878	23218	7	7
(6, 8, 4)	1	0	26788	1482	10	9
(8, 6, 4)	2	0	2770	62762	13	13
(6, 9, 4)	1	0	21042	2768	5	4
(9, 6, 4)	2	0	2707	14001	4	4
(6, 10, 4)	1	0	53808	128	10	9
(10, 6, 4)	2	0	111	43938	11	11
(6, 11, 4)	1	0	41762	10951	9	8
(11, 6, 4)	2	0	12991	42652	10	10
(6, 12, 4)	1	3	13948	8764	3	3
(12, 6, 4)	2	0	13865	20907	5	5
(7, 8, 4)	2	0	18980	3324	14	14
(8, 7, 4)	2	0	2703	17623	12	12
(7, 9, 4)	1	0	8698	8206	11	10
(9, 7, 4)	1	0	14244	13691	17	16
(7, 10, 4)	1	0	18055	145	21	20
(10, 7, 4)	2	0	99	12752	15	15
(7, 11, 4)	1	0	4484	6478	6	5
(11, 7, 4)	2	0	11499	6910	9	9
(7, 12, 4)	1	3	3176	27740	4	4
(12, 7, 4)	2	3	6463	786	2	1
(8, 9, 4)	1	0	1379	1875	4	3
(9, 8, 4)	2	0	2755	1147	4	4
(8, 10, 4)	1	0	10339	227	30	29
(10, 8, 4)	2	0	122	5421	21	21
(8, 11, 4)	1	0	474	3968	4	3
(11, 8, 4)	2	0	12818	2072	10	10
(8, 12, 4)	1	3	1016	7829	3	3
(12, 8, 4)	2	0	13861	644	4	4
(9, 10, 4)	2	0	4561	92	6	6
(10, 9, 4)	1	0	105	3643	5	4
(9, 11, 4)	2	0	2723	5161	4	4
(11, 9, 4)	1	0	5286	1844	4	3
(9, 12, 4)	1	3	3551	9568	4	4
(12, 9, 4)	2	3	9004	2702	4	3
(10, 11, 4)	2	0	180	30738	25	25
(11, 10, 4)	2	0	18971	128	15	15
(10, 12, 4)	1	3	77	8798	3	3
(12, 10, 4)	1	0	43788	143	11	10
(11, 12, 4)	1	0	5177	8641	4	3
(12, 11, 4)	2	0	9663	5135	4	4
(0, 1, 5)	2	0	11647	84	13	13
(1, 0, 5)	2	0	209	26906	30	30
(0, 2, 5)	1	0	15117	114081	23	22
(2, 0, 5)	2	0	113433	14255	22	22
(0, 3, 5)	1	3	135397	137254	197	197
(3, 0, 5)	2	0	15446	15179	23	23
(0, 4, 5)	1	0	12262	2038	15	14
(4, 0, 5)	1	0	2995	10539	14	13
(0, 5, 5)	1	0	6489	1312	7	6
(5, 0, 5)	2	0	135	4573	5	5
(0, 6, 5)	2	0	11064	100024	19	19
(6, 0, 5)	1	0	46777	6156	10	9
(0, 7, 5)	1	0	7497	6872	9	8
(7, 0, 5)	2	0	6994	6880	8	8
(0, 8, 5)	1	0	11224	2465	13	12
(8, 0, 5)	2	0	4867	14601	19	19
(0, 9, 5)	1	0	2629	1795	4	3
(9, 0, 5)	2	0	2757	2661	4	4
(0, 10, 5)	1	0	6737	121	9	8
(10, 0, 5)	2	0	65	8273	10	10
(0, 11, 5)	1	0	9748	19106	15	14
(11, 0, 5)	2	0	12891	6034	10	10
(0, 12, 5)	1	3	2124	8781	3	3
(12, 0, 5)	2	3	6026	631	2	1
(1, 2, 5)	2	0	181	93675	24	24
(2, 1, 5)	2	0	60869	75	11	11
(1, 3, 5)	1	3	1470	179260	198	198
(3, 1, 5)	2	3	133263	1684	195	194
(1, 4, 5)	1	0	114	1561	10	9
(4, 1, 5)	2	0	1156	100	11	11
(1, 5, 5)	1	0	75	125	8	7
(5, 1, 5)	2	0	10	52	4	4
(1, 6, 5)	2	0	109	41905	9	9
(6, 1, 5)	1	0	97450	135	19	18
(1, 7, 5)	1	0	203	20937	26	25
(7, 1, 5)	1	0	37718	292	33	32
(1, 8, 5)	1	0	177	5815	22	21
(8, 1, 5)	2	0	2090	88	11	11
(1, 9, 5)	1	0	20	1860	4	3
(9, 1, 5)	2	0	2723	99	4	4
(1, 10, 5)	1	0	142	115	13	12
(10, 1, 5)	2	0	158	116	14	14
(1, 11, 5)	1	0	82	11781	10	9
(11, 1, 5)	2	0	21333	144	17	17
(1, 12, 5)	1	0	39	8227	4	3
(12, 1, 5)	2	3	7904	26	3	2
(2, 3, 5)	2	4	149440	38048	43	43
(3, 2, 5)	1	4	55130	184971	68	67
(2, 4, 5)	1	0	90196	2651	17	16
(4, 2, 5)	1	0	2626	64612	13	12
(2, 5, 5)	2	0	83145	11769	17	17
(5, 2, 5)	1	0	1688	69904	18	17
(2, 6, 5)	2	0	66575	48890	11	11
(6, 2, 5)	1	0	34838	48101	8	7
(2, 7, 5)	2	0	93963	14485	18	18
(7, 2, 5)	2	0	24597	114181	30	30
(2, 8, 5)	1	0	52201	3356	17	16
(8, 2, 5)	1	0	6029	115249	25	24
(2, 9, 5)	1	0	30430	3647	5	4
(9, 2, 5)	2	0	2740	15850	4	4
(2, 10, 5)	1	0	85800	140	19	18
(10, 2, 5)	2	0	172	97183	18	18
(2, 11, 5)	1	0	80413	15798	13	12
(11, 2, 5)	2	0	20080	81220	16	16
(2, 12, 5)	1	0	24757	8216	4	3
(12, 2, 5)	2	3	10495	24282	4	3
(3, 4, 5)	1	0	27577	5717	30	29
(4, 3, 5)	1	0	3294	10411	14	13
(3, 5, 5)	1	0	2991	119	4	3
(5, 3, 5)	2	0	115	2443	4	4
(3, 6, 5)	1	0	58640	149222	83	82
(6, 3, 5)	1	3	149784	95020	198	198
(3, 7, 5)	2	3	164387	166686	195	194
(7, 3, 5)	2	0	75279	40166	63	63
(3, 8, 5)	1	0	17428	9996	27	26
(8, 3, 5)	2	0	4882	12387	20	20
(3, 9, 5)	1	0	3804	2753	5	4
(9, 3, 5)	2	0	2754	3413	4	4
(3, 10, 5)	1	0	24684	205	35	34
(10, 3, 5)	2	0	189	17921	24	24
(3, 11, 5)	1	0	9834	20189	16	15
(11, 3, 5)	2	0	17020	7864	13	13
(3, 12, 5)	1	3	1642	8890	3	3
(12, 3, 5)	2	3	5885	567	2	1
(4, 5, 5)	1	0	5574	20530	29	28
(5, 4, 5)	2	0	127	969	6	6
(4, 6, 5)	2	0	1388	31084	9	9
(6, 4, 5)	1	0	34869	749	7	6
(4, 7, 5)	1	0	3877	21532	19	18
(7, 4, 5)	1	0	11043	1394	11	10
(4, 8, 5)	2	0	1244	1836	11	11
(8, 4, 5)	2	0	2813	1678	13	13
(4, 9, 5)	1	0	652	2724	5	4
(9, 4, 5)	2	0	2762	473	4	4
(4, 10, 5)	1	0	2166	103	11	10
(10, 4, 5)	2	0	130	1687	9	9
(4, 11, 5)	1	0	891	6501	6	5
(11, 4, 5)	2	0	6762	542	5	5
(4, 12, 5)	1	4	708	7906	4	3
(12, 4, 5)	2	3	8424	385	3	2
(5, 6, 5)	2	0	52	13999	4	4
(6, 5, 5)	1	0	126229	882	25	24
(5, 7, 5)	2	0	124	5837	7	7
(7, 5, 5)	1	0	3178	131	4	3
(5, 8, 5)	2	0	115	725	4	4
(8, 5, 5)	1	0	1326	114	8	7
(5, 9, 5)	1	0	62	3665	6	5
(9, 5, 5)	2	0	4579	121	6	6
(5, 10, 5)	1	0	2190	101	18	17
(10, 5, 5)	2	0	173	12000	18	18
(5, 11, 5)	2	0	82	5287	4	4
(11, 5, 5)	2	0	14039	97	11	11
(5, 12, 5)	2	0	234	57304	23	23
(12, 5, 5)	2	4	88364	1489	14	14
(6, 7, 5)	1	0	33901	6588	9	8
(7, 6, 5)	2	0	9527	55829	11	11
(6, 8, 5)	1	0	44515	1924	10	9
(8, 6, 5)	2	0	1494	31167	8	8
(6, 9, 5)	1	0	14001	1843	4	3
(9, 6, 5)	2	0	2723	14001	4	4
(6, 10, 5)	1	0	35938	150	9	8
(10, 6, 5)	2	0	146	41903	10	10
(6, 11, 5)	1	0	26833	8892	7	6
(11, 6, 5)	2	0	10480	34851	8	8
(6, 12, 5)	1	4	20921	8469	4	3
(12, 6, 5)	2	0	11479	20906	5	5
(7, 8, 5)	2	0	22704	4906	18	18
(8, 7, 5)	2	0	3744	13727	16	16
(7, 9, 5)	1	0	3333	1843	4	3
(9, 7, 5)	2	0	2724	4020	4	4
(7, 10, 5)	1	0	12225	119	14	13
(10, 7, 5)	2	0	340	32596	37	37
(7, 11, 5)	1	0	13331	19421	16	15
(11, 7, 5)	2	0	5818	3896	4	4
(7, 12, 5)	1	3	2344	8751	3	3
(12, 7, 5)	2	3	7861	1511	3	2
(8, 9, 5)	1	0	488	1828	4	3
(9, 8, 5)	2	0	2771	1303	4	4
(8, 10, 5)	1	0	2213	164	14	13
(10, 8, 5)	2	0	181	4833	19	19
(8, 11, 5)	1	0	608	6603	6	5
(11, 8, 5)	2	0	9221	1304	7	7
(8, 12, 5)	1	0	504	8625	4	3
(12, 8, 5)	2	3	8264	338	3	2
(9, 10, 5)	2	0	4540	88	5	5
(10, 9, 5)	1	0	69	2714	4	3
(9, 11, 5)	2	0	2772	5318	4	4
(11, 9, 5)	1	0	5348	1858	4	3
(9, 12, 5)	2	0	6343	16831	8	8
(12, 9, 5)	1	0	40115	10057	12	11
(10, 11, 5)	1	0	387	68577	59	58
(11, 10, 5)	1	0	14199	71	11	10
(10, 12, 5)	1	0	73	30958	5	4
(12, 10, 5)	1	0	46893	87	12	11
(11, 12, 5)	1	0	5113	7844	4	3
(12, 11, 5)	2	0	20176	5258	4	4
(0, 1, 6)	1	0	8920	127	10	9
(1, 0, 6)	2	0	147	20925	25	25
(0, 2, 6)	2	0	7088	40259	11	11
(2, 0, 6)	2	0	93140	11620	14	14
(0, 3, 6)	1	0	36011	35574	42	41
(3, 0, 6)	1	0	40243	38698	46	45
(0, 4, 6)	2	0	9137	2997	11	11
(4, 0, 6)	1	0	2698	8412	11	10
(0, 5, 6)	1	0	4141	5	6	5
(5, 0, 6)	1	0	8705	7969	13	12
(0, 6, 6)	2	0	5508	23288	6	6
(6, 0, 6)	1	0	43477	7956	10	9
(0, 7, 6)	1	0	11918	20649	18	17
(7, 0, 6)	2	0	7837	5197	8	8
(0, 8, 6)	2	0	6781	1875	9	9
(8, 0, 6)	2	0	2890	8969	12	12
(0, 9, 6)	1	0	3921	3650	6	5
(9, 0, 6)	2	0	4546	4016	6	6
(0, 10, 6)	1	0	6592	82	9	8
(10, 0, 6)	2	0	68	6494	7	7
(0, 11, 6)	1	0	7379	11380	10	9
(11, 0, 6)	2	0	15281	7940	12	12
(0, 12, 6)	1	3	4443	34597	7	7
(12, 0, 6)	2	0	9785	2318	4	4
(1, 2, 6)	2	0	101	58710	13	13
(2, 1, 6)	2	4	52797	97	10	10
(1, 3, 6)	2	0	653	63643	94	94
(3, 1, 6)	2	0	106401	892	117	117
(1, 4, 6)	1	0	82	1077	10	9
(4, 1, 6)	2	0	1430	84	11	11
(1, 5, 6)	1	0	53	121	4	3
(5, 1, 6)	2	0	172	69	4	4
(1, 6, 6)	2	0	72	35547	8	8
(6, 1, 6)	2	0	148599	293	49	49
(1, 7, 6)	1	0	662	79340	88	87
(7, 1, 6)	2	0	42659	276	41	41
(1, 8, 6)	1	0	502	44798	70	69
(8, 1, 6)	2	0	13003	259	36	36
(1, 9, 6)	1	0	57	3631	5	4
(9, 1, 6)	2	0	7804	107	11	11
(1, 10, 6)	1	0	144	78	14	13
(10, 1, 6)	2	0	124	98	9	9
(1, 11, 6)	1	0	148	19498	16	15
(11, 1, 6)	2	0	14464	75	11	11
(1, 12, 6)	1	3	47	9296	3	3
(12, 1, 6)	2	0	9147	38	4	4
(2, 3, 6)	2	0	57525	5339	8	8
(3, 2, 6)	2	0	16965	91158	20	20
(2, 4, 6)	2	0	47124	498	6	6
(4, 2, 6)	2	0	1059	47967	11	11
(2, 5, 6)	2	0	39653	163	8	8
(5, 2, 6)	2	0	72	43038	7	7
(2, 6, 6)	2	0	73084	30451	11	11
(6, 2, 6)	1	0	41694	64018	11	10
(2, 7, 6)	2	0	66079	8978	11	11
(7, 2, 6)	1	0	16547	100319	21	20
(2, 8, 6)	1	0	109862	7765	27	26
(8, 2, 6)	2	0	1912	35613	10	10
(2, 9, 6)	1	0	46197	3694	8	7
(9, 2, 6)	2	0	2755	17583	4	4
(2, 10, 6)	1	0	17560	57	8	7
(10, 2, 6)	2	0	87	43315	10	10
(2, 11, 6)	1	0	53615	16755	14	13
(11, 2, 6)	2	0	14339	72183	11	11
(2, 12, 6)	1	4	17475	8109	4	3
(12, 2, 6)	2	3	9505	17436	4	3
(3, 4, 6)	2	0	12497	3513	14	14
(4, 3, 6)	1	0	3245	8136	14	13
(3, 5, 6)	2	0	12893	585	15	15
(5, 3, 6)	2	0	121	3333	4	4
(3, 6, 6)	2	0	15959	77736	17	17
(6, 3, 6)	1	0	34907	5007	8	7
(3, 7, 6)	1	0	99705	158096	152	151
(7, 3, 6)	2	0	23096	12102	19	19
(3, 8, 6)	1	0	82717	156107	126	125
(8, 3, 6)	2	0	1428	5817	7	7
(3, 9, 6)	1	0	14155	17780	22	21
(9, 3, 6)	2	0	3652	3836	5	5
(3, 10, 6)	1	0	19318	149	26	25
(10, 3, 6)	2	0	204	18170	20	20
(3, 11, 6)	1	0	98879	112511	128	127
(11, 3, 6)	2	0	8942	4097	7	7
(3, 12, 6)	1	0	3055	25224	5	4
(12, 3, 6)	2	4	8328	1812	3	3
(4, 5, 6)	1	0	5573	20134	29	28
(5, 4, 6)	2	0	131	916	5	5
(4, 6, 6)	2	0	913	28275	7	7
(6, 4, 6)	1	0	21261	719	7	6
(4, 7, 6)	1	0	2978	14319	14	13
(7, 4, 6)	2	0	41582	10662	34	34
(4, 8, 6)	1	0	2844	2279	12	11
(8, 4, 6)	1	0	5731	4424	21	20
(4, 9, 6)	1	0	1240	4593	7	6
(9, 4, 6)	2	0	6383	1197	8	8
(4, 10, 6)	1	0	1785	110	10	9
(10, 4, 6)	2	0	92	1800	9	9
(4, 11, 6)	1	0	623	6478	6	5
(11, 4, 6)	2	0	6525	697	5	5
(4, 12, 6)	1	4	583	7952	4	3
(12, 4, 6)	2	3	5963	193	2	1
(5, 6, 6)	2	0	204	20894	5	5
(6, 5, 6)	2	0	92934	8613	24	24
(5, 7, 6)	2	0	329	9341	9	9
(7, 5, 6)	1	0	7293	1824	8	7
(5, 8, 6)	2	0	120	817	4	4
(8, 5, 6)	1	0	737	146	4	3
(5, 9, 6)	1	0	21	4595	7	6
(9, 5, 6)	2	0	5441	37	7	7
(5, 10, 6)	1	0	272	136	15	14
(10, 5, 6)	2	0	67	208	8	8
(5, 11, 6)	2	0	135	6464	5	5
(11, 5, 6)	1	0	8958	151	7	6
(5, 12, 6)	1	3	29	30721	9	9
(12, 5, 6)	1	0	17003	80	8	7
(6, 7, 6)	1	0	34958	6920	9	8
(7, 6, 6)	2	0	8000	29509	9	9
(6, 8, 6)	1	0	55729	2880	13	12
(8, 6, 6)	2	0	2850	70024	13	13
(6, 9, 6)	1	0	13975	1859	4	3
(9, 6, 6)	2	0	4573	27848	6	6
(6, 10, 6)	1	0	35261	118	9	8
(10, 6, 6)	2	0	94	14288	6	6
(6, 11, 6)	1	0	62729	12614	11	10
(11, 6, 6)	2	0	6448	20896	5	5
(6, 12, 6)	1	3	13935	5729	2	2
(12, 6, 6)	2	3	9425	13968	4	3
(7, 8, 6)	2	0	22150	4307	17	17
(8, 7, 6)	2	0	2095	14565	10	10
(7, 9, 6)	1	0	3349	2705	4	3
(9, 7, 6)	2	0	2739	3225	4	4
(7, 10, 6)	1	0	8560	71	9	8
(10, 7, 6)	2	0	118	9872	11	11
(7, 11, 6)	1	0	3475	3920	4	3
(11, 7, 6)	2	0	10697	6447	8	8
(7, 12, 6)	1	3	1620	6135	2	2
(12, 7, 6)	2	0	20881	3239	4	4
(8, 9, 6)	1	0	646	2717	4	3
(9, 8, 6)	1	0	5816	1912	7	6
(8, 10, 6)	1	0	4512	117	17	16
(10, 8, 6)	2	0	357	37264	63	63
(8, 11, 6)	1	0	1855	10168	9	8
(11, 8, 6)	2	0	8943	1458	7	7
(8, 12, 6)	1	0	584	8341	4	3
(12, 8, 6)	2	0	13256	1428	4	4
(9, 10, 6)	2	0	8123	60	9	9
(10, 9, 6)	1	0	100	7282	10	9
(9, 11, 6)	2	0	2754	5240	4	4
(11, 9, 6)	1	0	5160	1797	4	3
(9, 12, 6)	1	0	7239	26099	8	7
(12, 9, 6)	1	0	15416	4467	7	6
(10, 11, 6)	2	0	99	18872	15	15
(11, 10, 6)	1	0	15938	105	12	11
(10, 12, 6)	1	3	62	8438	3	3
(12, 10, 6)	1	0	46958	109	12	11
(11, 12, 6)	1	3	3813	8578	3	3
(12, 11, 6)	2	3	8875	2651	3	2
(0, 1, 7)	1	0	17634	150	26	25
(1, 0, 7)	1	0	81	5508	9	8
(0, 2, 7)	1	0	10724	80748	13	12
(2, 0, 7)	2	0	92565	10443	16	16
(0, 3, 7)	2	0	35156	35059	54	54
(3, 0, 7)	1	0	31630	30096	36	35
(0, 4, 7)	1	0	4505	577	7	6
(4, 0, 7)	1	0	3379	8615	14	13
(0, 5, 7)	1	0	3646	6	4	3
(5, 0, 7)	2	0	136	2568	4	4
(0, 6, 7)	1	0	22476	149410	47	46
(6, 0, 7)	1	0	122882	13012	24	23
(0, 7, 7)	1	0	13240	12923	16	15
(7, 0, 7)	2	0	18177	9212	14	14
(0, 8, 7)	1	0	12043	2796	14	13
(8, 0, 7)	2	0	1764	5531	9	9
(0, 9, 7)	1	0	3730	2738	5	4
(9, 0, 7)	2	0	2757	2662	4	4
(0, 10, 7)	1	0	7240	67	10	9
(10, 0, 7)	2	0	66	7443	10	10
(0, 11, 7)	1	0	7613	14478	12	11
(11, 0, 7)	2	0	14244	8425	11	11
(0, 12, 7)	1	3	1402	6228	2	2
(12, 0, 7)	2	3	5683	677	2	1
(1, 2, 7)	1	0	52	55270	11	10
(2, 1, 7)	1	0	88474	121	19	18
(1, 3, 7)	1	3	1751	180553	193	193
(3, 1, 7)	2	3	182193	1526	196	195
(1, 4, 7)	1	0	82	1570	12	11
(4, 1, 7)	2	0	4274	88	17	17
(1, 5, 7)	1	0	58	37	8	7
(5, 1, 7)	2	0	78	52	7	7
(1, 6, 7)	2	0	75	27939	8	8
(6, 1, 7)	1	0	46115	101	10	9
(1, 7, 7)	1	0	97	11326	13	12
(7, 1, 7)	2	0	23542	310	29	29
(1, 8, 7)	1	0	255	20729	45	44
(8, 1, 7)	2	0	4015	134	16	16
(1, 9, 7)	1	0	68	1869	4	3
(9, 1, 7)	2	0	3687	71	6	6
(1, 10, 7)	1	0	93	65	12	11
(10, 1, 7)	2	0	101	100	12	12
(1, 11, 7)	1	0	118	11500	10	9
(11, 1, 7)	2	0	23231	131	18	18
(1, 12, 7)	1	0	54	9345	4	3
(12, 1, 7)	2	4	7906	31	3	3
(2, 3, 7)	2	4	152925	22856	36	36
(3, 2, 7)	1	4	20685	145939	32	31
(2, 4, 7)	2	0	106511	4043	23	23
(4, 2, 7)	1	0	2314	81528	12	11
(2, 5, 7)	2	0	83043	11899	17	17
(5, 2, 7)	1	0	158	75586	17	16
(2, 6, 7)	2	0	70319	68537	13	13
(6, 2, 7)	1	4	81550	70017	13	12
(2, 7, 7)	1	0	80395	16411	21	20
(7, 2, 7)	2	0	27469	131897	33	33
(2, 8, 7)	1	0	123244	17174	42	41
(8, 2, 7)	1	0	4683	94103	20	19
(2, 9, 7)	2	0	61431	5760	9	9
(9, 2, 7)	1	4	8728	55081	10	9
(2, 10, 7)	1	0	83539	141	15	14
(10, 2, 7)	1	4	241	164563	34	33
(2, 11, 7)	1	0	67555	17994	15	14
(11, 2, 7)	2	0	14524	61992	11	11
(2, 12, 7)	1	0	37799	23073	6	5
(12, 2, 7)	1	4	3131	9225	2	1
(3, 4, 7)	2	0	12573	3274	14	14
(4, 3, 7)	1	0	3274	8256	14	13
(3, 5, 7)	2	0	12830	333	19	19
(5, 3, 7)	1	0	647	11068	14	13
(3, 6, 7)	2	0	16937	82149	18	18
(6, 3, 7)	1	0	65439	12944	15	14
(3, 7, 7)	1	0	74578	124852	113	112
(7, 3, 7)	2	0	104982	102800	126	126
(3, 8, 7)	1	0	67663	58640	78	77
(8, 3, 7)	2	0	23896	30196	47	47
(3, 9, 7)	1	0	6271	7282	10	9
(9, 3, 7)	2	0	8209	7559	10	10
(3, 10, 7)	2	0	15536	174	17	17
(10, 3, 7)	2	0	193	20097	22	22
(3, 11, 7)	1	0	38926	65551	57	56
(11, 3, 7)	2	0	51495	32646	43	43
(3, 12, 7)	2	0	7429	34494	10	10
(12, 3, 7)	2	3	8717	1167	3	2
(4, 5, 7)	1	0	5564	19882	29	28
(5, 4, 7)	2	0	147	519	4	4
(4, 6, 7)	2	0	1061	31613	9	9
(6, 4, 7)	1	0	31427	885	9	8
(4, 7, 7)	1	0	1737	9616	12	11
(7, 4, 7)	1	0	12086	1660	11	10
(4, 8, 7)	1	0	3136	2911	14	13
(8, 4, 7)	2	0	3633	3217	16	16
(4, 9, 7)	1	0	698	2707	5	4
(9, 4, 7)	1	0	6000	956	9	8
(4, 10, 7)	1	0	2310	159	11	10
(10, 4, 7)	2	0	133	2672	15	15
(4, 11, 7)	1	0	732	6542	6	5
(11, 4, 7)	2	0	6477	651	5	5
(4, 12, 7)	1	4	584	7352	4	3
(12, 4, 7)	2	3	26718	1126	9	8
(5, 6, 7)	2	0	132	34374	9	9
(6, 5, 7)	1	0	83505	3124	19	18
(5, 7, 7)	2	0	142	6273	7	7
(7, 5, 7)	1	0	4244	300	5	4
(5, 8, 7)	2	0	143	890	6	6
(8, 5, 7)	1	0	1737	136	9	8
(5, 9, 7)	1	0	12	3637	6	5
(9, 5, 7)	2	0	11190	1821	16	16
(5, 10, 7)	1	0	11854	135	15	14
(10, 5, 7)	2	0	88	1428	13	13
(5, 11, 7)	2	0	114	11442	9	9
(11, 5, 7)	1	0	16800	330	13	12
(5, 12, 7)	1	3	98	30736	6	6
(12, 5, 7)	2	4	13747	104	6	6
(6, 7, 7)	1	0	120064	18035	21	20
(7, 6, 7)	2	0	23099	128382	28	28
(6, 8, 7)	1	0	42263	1583	11	10
(8, 6, 7)	2	0	3477	83635	15	15
(6, 9, 7)	1	0	21306	2761	6	5
(9, 6, 7)	2	0	6216	31468	9	9
(6, 10, 7)	1	0	37680	125	10	9
(10, 6, 7)	2	0	89	37078	11	11
(6, 11, 7)	1	0	41959	9540	8	7
(11, 6, 7)	2	0	9914	41944	7	7
(6, 12, 7)	1	3	20892	9006	4	4
(12, 6, 7)	2	3	14322	15740	5	4
(7, 8, 7)	1	0	38832	15336	39	38
(8, 7, 7)	2	0	3901	19450	17	17
(7, 9, 7)	1	0	3442	1828	4	3
(9, 7, 7)	2	0	2770	3332	4	4
(7, 10, 7)	1	0	11057	136	12	11
(10, 7, 7)	2	0	159	16425	18	18
(7, 11, 7)	1	0	4752	6682	6	5
(11, 7, 7)	2	0	7750	4857	6	6
(7, 12, 7)	1	0	2991	8595	4	3
(12, 7, 7)	2	3	6353	973	2	1
(8, 9, 7)	1	0	975	1814	4	3
(9, 8, 7)	2	0	3600	646	4	4
(8, 10, 7)	1	0	17684	254	42	41
(10, 8, 7)	2	0	154	3898	19	19
(8, 11, 7)	1	0	645	4001	4	3
(11, 8, 7)	2	0	7780	1828	6	6
(8, 12, 7)	1	3	501	8026	3	3
(12, 8, 7)	2	3	6136	286	2	1
(9, 10, 7)	1	0	7864	80	10	9
(10, 9, 7)	1	0	102	3661	5	4
(9, 11, 7)	2	0	2724	5145	4	4
(11, 9, 7)	1	0	5210	1815	4	3
(9, 12, 7)	1	0	4525	31411	5	4
(12, 9, 7)	1	0	13458	4517	7	6
(10, 11, 7)	2	0	137	18309	14	14
(11, 10, 7)	2	0	42364	234	34	34
(10, 12, 7)	2	0	97	66605	15	15
(12, 10, 7)	2	3	56600	70	8	7
(11, 12, 7)	1	0	5506	7969	4	3
(12, 11, 7)	1	0	39898	16614	14	13
(0, 1, 8)	2	0	8307	94	9	9
(1, 0, 8)	2	0	92	8912	10	10
(0, 2, 8)	1	0	6653	47521	8	7
(2, 0, 8)	2	0	60294	7275	9	9
(0, 3, 8)	1	0	30474	30018	46	45
(3, 0, 8)	2	0	22910	22714	35	35
(0, 4, 8)	2	0	7781	2517	12	12
(4, 0, 8)	1	0	3057	8474	14	13
(0, 5, 8)	1	0	4465	90	5	4
(5, 0, 8)	2	0	121	7120	8	8
(0, 6, 8)	2	0	5337	28094	8	8
(6, 0, 8)	1	0	101907	14896	23	22
(0, 7, 8)	1	0	18011	17517	22	21
(7, 0, 8)	2	0	11723	6567	10	10
(0, 8, 8)	1	0	14666	3755	17	16
(8, 0, 8)	2	0	1594	5469	9	9
(0, 9, 8)	1	0	7120	8143	11	10
(9, 0, 8)	2	0	2741	2987	4	4
(0, 10, 8)	1	0	15488	158	21	20
(10, 0, 8)	2	0	133	7949	11	11
(0, 11, 8)	1	0	5439	11493	9	8
(11, 0, 8)	2	0	13101	6833	10	10
(0, 12, 8)	1	0	3166	19989	5	4
(12, 0, 8)	2	3	9378	1969	4	3
(1, 2, 8)	1	0	100	71826	13	12
(2, 1, 8)	2	0	114493	194	23	23
(1, 3, 8)	1	3	1291	181877	197	197
(3, 1, 8)	1	0	15318	146	22	21
(1, 4, 8)	1	0	97	2073	12	11
(4, 1, 8)	1	0	2613	76	13	12
(1, 5, 8)	1	0	38	34	4	3
(5, 1, 8)	1	0	2750	87	15	14
(1, 6, 8)	1	0	707	149323	75	74
(6, 1, 8)	1	0	83642	102	15	14
(1, 7, 8)	2	0	212	25708	27	27
(7, 1, 8)	2	0	28481	276	30	30
(1, 8, 8)	1	0	113	2596	13	12
(8, 1, 8)	2	0	1543	71	8	8
(1, 9, 8)	1	0	52	1859	4	3
(9, 1, 8)	2	0	2706	52	4	4
(1, 10, 8)	1	0	132	155	16	15
(10, 1, 8)	2	0	171	111	17	17
(1, 11, 8)	1	0	81	10223	9	8
(11, 1, 8)	2	0	6761	73	5	5
(1, 12, 8)	1	0	36	8562	4	3
(12, 1, 8)	2	0	10100	36	4	4
(2, 3, 8)	1	0	88364	14903	19	18
(3, 2, 8)	1	4	47366	183811	53	52
(2, 4, 8)	2	0	67511	2741	13	13
(4, 2, 8)	1	0	2173	81373	12	11
(2, 5, 8)	2	4	72677	432	11	11
(5, 2, 8)	1	0	1139	81876	16	15
(2, 6, 8)	2	0	66761	34911	8	8
(6, 2, 8)	1	0	138040	124358	31	30
(2, 7, 8)	2	0	79589	12481	15	15
(7, 2, 8)	2	0	19036	91280	22	22
(2, 8, 8)	2	0	62241	1777	11	11
(8, 2, 8)	2	0	6754	108929	25	25
(2, 9, 8)	2	0	76059	9478	11	11
(9, 2, 8)	2	0	18586	124351	22	22
(2, 10, 8)	1	0	96133	127	20	19
(10, 2, 8)	2	0	154	90292	20	20
(2, 11, 8)	1	0	85639	18104	15	14
(11, 2, 8)	2	0	6495	29103	5	5
(2, 12, 8)	1	3	24453	8079	3	3
(12, 2, 8)	1	0	36123	55600	12	11
(3, 4, 8)	1	0	21578	8742	33	32
(4, 3, 8)	2	0	21309	40404	60	60
(3, 5, 8)	1	0	3491	115	4	3
(5, 3, 8)	1	0	125	13879	17	16
(3, 6, 8)	2	3	84723	151573	199	198
(6, 3, 8)	2	0	148807	38668	56	56
(3, 7, 8)	1	0	27457	27245	31	30
(7, 3, 8)	2	0	64485	64181	72	72
(3, 8, 8)	1	0	18548	7228	24	23
(8, 3, 8)	2	0	55310	48317	74	74
(3, 9, 8)	1	0	3904	3620	6	5
(9, 3, 8)	2	0	2756	3256	4	4
(3, 10, 8)	1	0	51703	444	76	75
(10, 3, 8)	2	0	139	10495	14	14
(3, 11, 8)	1	0	59302	92841	84	83
(11, 3, 8)	2	0	76341	45197	68	68
(3, 12, 8)	1	3	2110	7955	3	3
(12, 3, 8)	1	0	37269	7458	11	10
(4, 5, 8)	1	0	5600	21209	29	28
(5, 4, 8)	1	0	940	1860	13	12
(4, 6, 8)	2	0	1739	48803	10	10
(6, 4, 8)	1	0	35071	1209	11	10
(4, 7, 8)	1	0	2626	14735	13	12
(7, 4, 8)	1	0	17386	1789	14	13
(4, 8, 8)	1	0	2621	2800	14	13
(8, 4, 8)	2	0	4440	2768	19	19
(4, 9, 8)	1	0	730	2722	5	4
(9, 4, 8)	2	0	3642	650	5	5
(4, 10, 8)	1	0	2277	131	11	10
(10, 4, 8)	2	0	103	2432	11	11
(4, 11, 8)	1	0	687	6917	6	5
(11, 4, 8)	2	0	10389	1871	8	8
(4, 12, 8)	1	4	550	8079	4	3
(12, 4, 8)	2	4	7610	584	3	3
(5, 6, 8)	2	0	2590	70292	17	17
(6, 5, 8)	1	0	27903	119	6	5
(5, 7, 8)	2	0	68314	25099	29	29
(7, 5, 8)	1	0	4660	5	4	3
(5, 8, 8)	2	0	73	1140	6	6
(8, 5, 8)	1	0	600	41	4	3
(5, 9, 8)	1	0	131	3634	6	5
(9, 5, 8)	2	0	4574	142	8	8
(5, 10, 8)	1	0	3424	93	12	11
(10, 5, 8)	2	0	127	1733	17	17
(5, 11, 8)	2	0	383	19065	15	15
(11, 5, 8)	1	0	5270	121	4	3
(5, 12, 8)	1	3	448	34511	11	11
(12, 5, 8)	1	0	28108	484	12	11
(6, 7, 8)	1	0	126380	23160	26	25
(7, 6, 8)	2	0	11108	32421	12	12
(6, 8, 8)	1	0	62867	2418	13	12
(8, 6, 8)	2	0	2620	70024	14	14
(6, 9, 8)	1	0	20944	2722	5	4
(9, 6, 8)	2	0	3652	20954	5	5
(6, 10, 8)	1	0	48907	132	12	11
(10, 6, 8)	2	0	156	48995	11	11
(6, 11, 8)	1	0	28425	7905	7	6
(11, 6, 8)	2	0	21193	97748	16	16
(6, 12, 8)	1	3	20892	8974	4	4
(12, 6, 8)	2	3	12272	13995	4	3
(7, 8, 8)	1	0	15943	2026	12	11
(8, 7, 8)	2	0	4994	15670	19	19
(7, 9, 8)	1	0	3175	1829	4	3
(9, 7, 8)	2	0	2738	3819	4	4
(7, 10, 8)	1	0	12880	173	14	13
(10, 7, 8)	2	0	115	17799	18	18
(7, 11, 8)	1	0	4750	6418	6	5
(11, 7, 8)	2	0	6416	4041	5	5
(7, 12, 8)	1	0	3096	8218	4	3
(12, 7, 8)	2	4	8578	2529	3	3
(8, 9, 8)	1	0	538	2720	4	3
(9, 8, 8)	2	0	2755	1396	4	4
(8, 10, 8)	1	0	9853	188	32	31
(10, 8, 8)	2	0	108	2714	14	14
(8, 11, 8)	1	0	1253	7642	7	6
(11, 8, 8)	2	0	5379	709	4	4
(8, 12, 8)	1	0	376	8329	4	3
(12, 8, 8)	2	0	10236	662	4	4
(9, 10, 8)	2	0	3636	57	5	5
(10, 9, 8)	1	0	31	3614	5	4
(9, 11, 8)	2	0	2771	5207	4	4
(11, 9, 8)	1	0	6619	2739	5	4
(9, 12, 8)	2	0	5378	12448	7	7
(12, 9, 8)	2	4	7452	2733	3	3
(10, 11, 8)	2	0	86	14758	11	11
(11, 10, 8)	1	0	40132	269	33	32
(10, 12, 8)	1	0	75	29803	5	4
(12, 10, 8)	1	0	47364	108	12	11
(11, 12, 8)	1	3	4064	8266	3	3
(12, 11, 8)	2	3	40926	3869	4	3
(0, 1, 9)	2	0	9541	120	14	14
(1, 0, 9)	2	0	74	7180	8	8
(0, 2, 9)	1	4	10568	92312	16	15
(2, 0, 9)	2	0	75949	7026	11	11
(0, 3, 9)	2	0	22644	23016	34	34
(3, 0, 9)	2	0	61160	60901	91	91
(0, 4, 9)	2	0	6581	2133	10	10
(4, 0, 9)	2	0	3979	9258	14	14
(0, 5, 9)	2	0	5717	179	9	9
(5, 0, 9)	1	0	8670	11337	15	14
(0, 6, 9)	2	0	7750	55761	12	12
(6, 0, 9)	1	0	48697	8097	11	10
(0, 7, 9)	1	0	14551	27341	22	21
(7, 0, 9)	2	0	38243	19873	30	30
(0, 8, 9)	1	0	6746	1771	9	8
(8, 0, 9)	1	0	2213	6131	11	10
(0, 9, 9)	1	0	5830	6306	9	8
(9, 0, 9)	2	0	6359	6013	9	9
(0, 10, 9)	1	0	6783	151	9	8
(10, 0, 9)	2	0	71	6582	7	7
(0, 11, 9)	1	0	4334	7889	7	6
(11, 0, 9)	2	0	29063	18214	23	23
(0, 12, 9)	1	0	2407	8455	4	3
(12, 0, 9)	2	4	7890	1751	3	3
(1, 2, 9)	1	4	170	86501	20	19
(2, 1, 9)	2	0	60921	63	9	9
(1, 3, 9)	2	0	102	8232	12	12
(3, 1, 9)	2	0	42387	317	46	46
(1, 4, 9)	1	0	173	3121	18	17
(4, 1, 9)	2	0	1481	121	11	11
(1, 5, 9)	1	0	101	1650	19	18
(5, 1, 9)	2	0	132	63	6	6
(1, 6, 9)	2	0	109	69794	15	15
(6, 1, 9)	2	0	144123	359	38	38
(1, 7, 9)	2	0	185	19324	23	23
(7, 1, 9)	1	0	13347	119	16	15
(1, 8, 9)	1	0	198	10428	32	31
(8, 1, 9)	2	0	6715	154	23	23
(1, 9, 9)	1	0	54	1844	4	3
(9, 1, 9)	2	0	2740	54	4	4
(1, 10, 9)	1	0	90	121	15	14
(10, 1, 9)	2	0	180	125	16	16
(1, 11, 9)	1	0	57	5457	5	4
(11, 1, 9)	2	0	10197	59	8	8
(1, 12, 9)	1	0	36	7849	4	3
(12, 1, 9)	2	3	7780	28	3	2
(2, 3, 9)	2	0	67803	6694	10	10
(3, 2, 9)	1	4	20757	151131	32	31
(2, 4, 9)	2	0	78325	1421	12	12
(4, 2, 9)	2	0	1585	96601	14	14
(2, 5, 9)	1	4	128745	35694	29	28
(5, 2, 9)	1	0	125	68209	11	10
(2, 6, 9)	2	0	62747	29715	9	9
(6, 2, 9)	1	0	34914	54182	9	8
(2, 7, 9)	2	0	61014	7527	9	9
(7, 2, 9)	1	4	15927	99314	19	18
(2, 8, 9)	1	0	65909	3874	19	18
(8, 2, 9)	2	0	2584	24914	13	13
(2, 9, 9)	1	0	100288	15439	20	19
(9, 2, 9)	1	0	7554	70469	10	9
(2, 10, 9)	1	0	95432	183	18	17
(10, 2, 9)	2	0	115	88679	11	11
(2, 11, 9)	1	0	60764	12864	11	10
(11, 2, 9)	2	0	6603	24275	5	5
(2, 12, 9)	1	0	24287	7751	4	3
(12, 2, 9)	2	0	40709	17257	4	4
(3, 4, 9)	1	0	11661	2047	13	12
(4, 3, 9)	2	0	16903	42070	49	49
(3, 5, 9)	2	0	20800	138	31	31
(5, 3, 9)	2	0	78628	31376	48	48
(3, 6, 9)	2	0	18099	130718	28	28
(6, 3, 9)	2	0	148015	20484	33	33
(3, 7, 9)	1	0	13101	26700	21	20
(7, 3, 9)	2	0	51542	51085	62	62
(3, 8, 9)	1	0	37068	22778	45	44
(8, 3, 9)	2	0	10687	18735	30	30
(3, 9, 9)	1	0	4778	3683	6	5
(9, 3, 9)	2	0	2739	2629	4	4
(3, 10, 9)	1	0	25583	269	37	36
(10, 3, 9)	2	0	147	13115	14	14
(3, 11, 9)	1	0	17326	28326	24	23
(11, 3, 9)	2	0	34226	17753	27	27
(3, 12, 9)	1	0	2490	7390	4	3
(12, 3, 9)	2	3	5901	583	2	1
(4, 5, 9)	2	0	1360	508	9	9
(5, 4, 9)	1	0	3329	1962	12	11
(4, 6, 9)	2	0	1154	35564	9	9
(6, 4, 9)	1	0	148976	13919	48	47
(4, 7, 9)	2	0	2967	13460	15	15
(7, 4, 9)	1	0	16721	3281	18	17
(4, 8, 9)	1	0	1793	2031	10	9
(8, 4, 9)	2	0	1830	1739	9	9
(4, 9, 9)	2	0	890	4640	6	6
(9, 4, 9)	2	0	2739	412	4	4
(4, 10, 9)	1	0	4071	84	14	13
(10, 4, 9)	2	0	63	892	6	6
(4, 11, 9)	1	0	3118	16408	14	13
(11, 4, 9)	2	0	30691	5664	25	25
(4, 12, 9)	1	0	2400	21250	11	10
(12, 4, 9)	2	4	7859	422	3	3
(5, 6, 9)	1	0	1259	62824	13	12
(6, 5, 9)	2	0	93918	1209	20	20
(5, 7, 9)	1	0	361	8409	11	10
(7, 5, 9)	2	0	24221	2638	32	32
(5, 8, 9)	1	0	342	5964	24	23
(8, 5, 9)	2	0	3405	1069	15	15
(5, 9, 9)	1	0	121	2755	5	4
(9, 5, 9)	2	0	10910	506	13	13
(5, 10, 9)	1	0	200	138	12	11
(10, 5, 9)	2	0	207	132	18	18
(5, 11, 9)	1	0	794	10356	9	8
(11, 5, 9)	2	0	10196	487	8	8
(5, 12, 9)	1	0	27	22706	6	5
(12, 5, 9)	2	3	30209	1613	8	7
(6, 7, 9)	1	0	69626	13862	16	15
(7, 6, 9)	1	0	10492	44521	13	12
(6, 8, 9)	1	0	28297	1436	8	7
(8, 6, 9)	2	0	2192	35870	10	10
(6, 9, 9)	1	0	20921	2739	5	4
(9, 6, 9)	2	0	3643	14653	6	6
(6, 10, 9)	1	0	38970	61	10	9
(10, 6, 9)	2	0	153	41766	11	11
(6, 11, 9)	1	0	51152	11484	10	9
(11, 6, 9)	2	0	10214	30478	8	8
(6, 12, 9)	1	0	27908	18494	6	5
(12, 6, 9)	2	0	26801	13933	4	4
(7, 8, 9)	1	0	8595	1846	10	9
(8, 7, 9)	2	0	4849	20455	19	19
(7, 9, 9)	1	0	3365	1812	4	3
(9, 7, 9)	2	0	4546	5413	6	6
(7, 10, 9)	1	0	17039	130	19	18
(10, 7, 9)	2	0	124	11032	12	12
(7, 11, 9)	1	0	5240	7750	7	6
(11, 7, 9)	2	0	9476	5663	7	7
(7, 12, 9)	1	0	3441	8875	4	3
(12, 7, 9)	2	3	9170	1853	3	2
(8, 9, 9)	1	0	1314	1810	4	3
(9, 8, 9)	2	0	4514	719	6	6
(8, 10, 9)	1	0	2402	99	11	10
(10, 8, 9)	2	0	112	3328	16	16
(8, 11, 9)	1	0	948	5333	5	4
(11, 8, 9)	2	0	10167	1711	8	8
(8, 12, 9)	1	0	1472	8266	4	3
(12, 8, 9)	2	3	11271	605	4	3
(9, 10, 9)	2	0	5422	43	6	6
(10, 9, 9)	1	0	52	3661	5	4
(9, 11, 9)	2	0	2709	5129	4	4
(11, 9, 9)	1	0	5271	1828	4	3
(9, 12, 9)	1	0	2738	8642	4	3
(12, 9, 9)	2	3	6353	912	2	1
(10, 11, 9)	1	0	131	22892	19	18
(11, 10, 9)	1	0	13933	99	11	10
(10, 12, 9)	1	3	46	8250	3	3
(12, 10, 9)	1	0	36725	109	12	11
(11, 12, 9)	1	0	5224	8375	4	3
(12, 11, 9)	2	4	7837	3796	3	3
(0, 1, 10)	1	0	11050	162	16	15
(1, 0, 10)	2	0	144	11556	17	17
(0, 2, 10)	1	0	13950	80315	17	16
(2, 0, 10)	1	0	61526	15005	19	18
(0, 3, 10)	1	0	9043	8350	14	13
(3, 0, 10)	2	0	26257	26242	28	28
(0, 4, 10)	1	0	7949	899	10	9
(4, 0, 10)	2	0	2442	8552	13	13
(0, 5, 10)	1	0	6258	126	8	7
(5, 0, 10)	2	0	24	4108	6	6
(0, 6, 10)	2	0	13160	126384	25	25
(6, 0, 10)	2	0	149136	21009	47	47
(0, 7, 10)	2	0	11026	23103	17	17
(7, 0, 10)	2	0	6764	3953	6	6
(0, 8, 10)	1	0	8099	5763	13	12
(8, 0, 10)	2	0	10626	16494	19	19
(0, 9, 10)	1	0	3166	3005	5	4
(9, 0, 10)	2	0	6382	6165	8	8
(0, 10, 10)	1	0	7097	74	10	9
(10, 0, 10)	2	0	87	9220	10	10
(0, 11, 10)	1	0	8498	13181	12	11
(11, 0, 10)	2	0	26505	18106	22	22
(0, 12, 10)	1	3	4999	19889	8	8
(12, 0, 10)	2	0	28260	4364	7	7
(1, 2, 10)	2	0	192	103027	29	29
(2, 1, 10)	2	0	72446	106	14	14
(1, 3, 10)	1	3	1198	122902	180	180
(3, 1, 10)	2	3	169186	1104	179	178
(1, 4, 10)	1	0	146	3752	20	19
(4, 1, 10)	2	0	1004	64	7	7
(1, 5, 10)	1	0	88	136	8	7
(5, 1, 10)	2	0	16	63	3	3
(1, 6, 10)	2	0	142	51045	16	16
(6, 1, 10)	1	0	59676	132	17	16
(1, 7, 10)	1	0	322	46482	48	47
(7, 1, 10)	2	4	184816	1796	175	175
(1, 8, 10)	1	0	215	16347	29	28
(8, 1, 10)	2	0	16012	180	26	26
(1, 9, 10)	1	0	42	895	2	1
(9, 1, 10)	2	0	4290	57	5	5
(1, 10, 10)	1	0	10	36	2	1
(10, 1, 10)	2	0	134	99	16	16
(1, 11, 10)	1	0	82	13916	12	11
(11, 1, 10)	2	0	14248	82	12	12
(1, 12, 10)	1	0	11	3067	2	1
(12, 1, 10)	2	0	5807	34	2	2
(2, 3, 10)	2	4	180969	31828	49	49
(3, 2, 10)	2	0	11937	51955	18	18
(2, 4, 10)	1	0	70880	2856	22	21
(4, 2, 10)	2	0	1742	31449	11	11
(2, 5, 10)	1	0	55522	17	10	9
(5, 2, 10)	1	0	83	95570	17	16
(2, 6, 10)	1	4	47215	14025	8	7
(6, 2, 10)	1	0	42270	46029	15	14
(2, 7, 10)	1	0	74193	17969	22	21
(7, 2, 10)	1	0	27100	109719	31	30
(2, 8, 10)	1	0	75262	10491	23	22
(8, 2, 10)	2	0	8996	59875	18	18
(2, 9, 10)	1	0	9385	912	2	1
(9, 2, 10)	1	4	30554	140577	34	33
(2, 10, 10)	1	0	9352	84	2	1
(10, 2, 10)	2	0	129	116859	22	22
(2, 11, 10)	1	0	58030	12082	11	10
(11, 2, 10)	2	0	14186	39173	12	12
(2, 12, 10)	1	0	9246	3099	2	1
(12, 2, 10)	2	3	16219	53971	8	7
(3, 4, 10)	2	0	37243	19691	47	47
(4, 3, 10)	2	0	2572	7168	11	11
(3, 5, 10)	1	0	1385	131	2	1
(5, 3, 10)	2	0	5	1729	2	2
(3, 6, 10)	2	0	12817	39886	14	14
(6, 3, 10)	1	0	41756	5749	9	8
(3, 7, 10)	1	0	17820	36279	28	27
(7, 3, 10)	2	0	99127	54880	85	85
(3, 8, 10)	1	0	22124	12912	25	24
(8, 3, 10)	2	0	24407	24206	37	37
(3, 9, 10)	1	0	3745	3160	5	4
(9, 3, 10)	2	0	2685	1907	3	3
(3, 10, 10)	1	0	1603	52	2	1
(10, 3, 10)	2	0	397	51859	66	66
(3, 11, 10)	1	0	16835	25484	23	22
(11, 3, 10)	2	0	62001	45453	60	60
(3, 12, 10)	1	0	1307	2895	2	1
(12, 3, 10)	2	0	5652	1561	2	2
(4, 5, 10)	1	0	1149	75	8	7
(5, 4, 10)	2	0	5	272	4	4
(4, 6, 10)	2	0	1392	20950	9	9
(6, 4, 10)	1	0	35509	1658	14	13
(4, 7, 10)	2	0	2910	12706	16	16
(7, 4, 10)	1	0	18526	3532	20	19
(4, 8, 10)	2	0	1182	3995	8	8
(8, 4, 10)	1	0	9719	2849	21	20
(4, 9, 10)	1	0	72	927	2	1
(9, 4, 10)	2	0	2718	220	3	3
(4, 10, 10)	1	0	74	22	2	1
(10, 4, 10)	2	0	161	4637	21	21
(4, 11, 10)	2	0	1020	8570	7	7
(11, 4, 10)	1	0	15078	1573	12	11
(4, 12, 10)	1	0	120	3083	2	1
(12, 4, 10)	2	0	6134	72	2	2
(5, 6, 10)	2	0	11	6958	2	2
(6, 5, 10)	1	0	27914	138	7	6
(5, 7, 10)	2	0	162	1496	2	2
(7, 5, 10)	1	0	1542	67	2	1
(5, 8, 10)	2	0	58	2233	3	3
(8, 5, 10)	1	0	4009	126	8	7
(5, 9, 10)	2	0	130	2224	4	4
(9, 5, 10)	1	0	5435	16	6	5
(5, 10, 10)	1	0	241	184	20	19
(10, 5, 10)	2	0	105	514	13	13
(5, 11, 10)	2	0	79	3639	3	3
(11, 5, 10)	1	0	17653	111	15	14
(5, 12, 10)	1	4	137	16842	7	6
(12, 5, 10)	2	0	89107	7141	28	28
(6, 7, 10)	1	0	56088	13131	15	14
(7, 6, 10)	2	0	9189	21081	10	10
(6, 8, 10)	1	0	43576	7431	15	14
(8, 6, 10)	2	0	7044	51221	14	14
(6, 9, 10)	1	0	6990	2703	4	3
(9, 6, 10)	2	0	3613	7031	4	4
(6, 10, 10)	1	0	7027	82	2	1
(10, 6, 10)	2	0	138	42088	12	12
(6, 11, 10)	1	0	62644	16555	14	13
(11, 6, 10)	1	4	9838	13936	8	7
(6, 12, 10)	1	0	6990	3490	2	1
(12, 6, 10)	2	0	6262	7004	2	2
(7, 8, 10)	2	0	46280	35168	50	50
(8, 7, 10)	2	0	7986	13559	16	16
(7, 9, 10)	1	0	4166	3129	5	4
(9, 7, 10)	2	0	2733	2720	3	3
(7, 10, 10)	1	0	1901	68	2	1
(10, 7, 10)	2	0	348	48281	52	52
(7, 11, 10)	1	0	7647	10857	10	9
(11, 7, 10)	2	0	22382	13679	17	17
(7, 12, 10)	1	0	1728	3022	2	1
(12, 7, 10)	2	0	6244	1808	2	2
(8, 9, 10)	1	0	2615	2515	4	3
(9, 8, 10)	2	0	3707	2505	4	4
(8, 10, 10)	1	0	2056	21	2	1
(10, 8, 10)	2	0	188	13967	26	26
(8, 11, 10)	1	0	4865	10906	10	9
(11, 8, 10)	2	0	11451	4313	9	9
(8, 12, 10)	1	3	1848	3115	1	1
(12, 8, 10)	2	3	6058	2740	2	1
(9, 10, 10)	1	0	1823	83	2	1
(10, 9, 10)	2	0	88	10949	14	14
(9, 11, 10)	2	0	2702	3703	3	3
(11, 9, 10)	1	0	2494	911	2	1
(9, 12, 10)	1	0	1806	2677	2	1
(12, 9, 10)	2	0	8782	1608	3	3
(10, 11, 10)	1	0	213	27616	25	24
(11, 10, 10)	1	0	2386	37	2	1
(10, 12, 10)	1	0	88	29422	5	4
(12, 10, 10)	1	0	40980	75	9	8
(11, 12, 10)	1	0	2386	2912	2	1
(12, 11, 10)	2	0	6011	2480	2	2
(0, 1, 11)	2	0	10011	108	11	11
(1, 0, 11)	2	0	168	14661	22	22
(0, 2, 11)	1	0	5432	47583	8	7
(2, 0, 11)	2	0	60879	7455	9	9
(0, 3, 11)	1	0	27143	26594	29	28
(3, 0, 11)	2	0	31163	31023	47	47
(0, 4, 11)	2	0	8030	3317	12	12
(4, 0, 11)	2	0	16298	33583	51	51
(0, 5, 11)	1	0	20565	1271	25	24
(5, 0, 11)	2	0	130	3982	6	6
(0, 6, 11)	2	0	5973	34854	7	7
(6, 0, 11)	2	0	149611	29386	57	57
(0, 7, 11)	1	0	10688	10401	12	11
(7, 0, 11)	2	0	27765	13871	21	21
(0, 8, 11)	1	0	9023	3407	14	13
(8, 0, 11)	1	0	2791	9291	12	11
(0, 9, 11)	1	0	5426	3673	7	6
(9, 0, 11)	2	0	6327	5721	9	9
(0, 10, 11)	1	0	7278	104	9	8
(10, 0, 11)	2	0	133	11557	14	14
(0, 11, 11)	1	0	4075	6457	6	5
(11, 0, 11)	2	0	14027	7626	11	11
(0, 12, 11)	1	0	3072	38068	5	4
(12, 0, 11)	2	3	9755	1751	4	3
(1, 2, 11)	2	0	54	54046	12	12
(2, 1, 11)	1	0	74920	139	18	17
(1, 3, 11)	2	0	194	19322	28	28
(3, 1, 11)	1	0	101682	901	112	111
(1, 4, 11)	1	0	75	1269	11	10
(4, 1, 11)	2	0	1501	112	12	12
(1, 5, 11)	1	0	131	17	10	9
(5, 1, 11)	2	0	2707	108	11	11
(1, 6, 11)	2	0	155	68681	12	12
(6, 1, 11)	1	0	76724	123	15	14
(1, 7, 11)	1	0	105	13099	14	13
(7, 1, 11)	2	0	72973	689	73	73
(1, 8, 11)	1	0	100	3355	15	14
(8, 1, 11)	2	0	2227	106	11	11
(1, 9, 11)	1	0	68	1874	4	3
(9, 1, 11)	2	0	2772	54	4	4
(1, 10, 11)	1	0	122	131	11	10
(10, 1, 11)	2	0	88	113	14	14
(1, 11, 11)	1	0	47	6443	6	5
(11, 1, 11)	2	0	11530	44	9	9
(1, 12, 11)	1	0	37	8751	4	3
(12, 1, 11)	2	0	27612	106	11	11
(2, 3, 11)	2	4	138504	34695	38	38
(3, 2, 11)	1	4	35673	140314	44	43
(2, 4, 11)	2	0	117328	3487	19	19
(4, 2, 11)	2	0	3517	96363	21	21
(2, 5, 11)	2	0	106200	252	25	25
(5, 2, 11)	1	0	46687	122328	21	20
(2, 6, 11)	2	0	67979	67865	11	11
(6, 2, 11)	1	0	41833	53257	8	7
(2, 7, 11)	1	0	125734	34248	37	36
(7, 2, 11)	1	0	13506	85160	16	15
(2, 8, 11)	1	0	67726	5003	19	18
(8, 2, 11)	1	0	5512	93412	21	20
(2, 9, 11)	1	0	32776	3661	5	4
(9, 2, 11)	2	0	12641	80893	15	15
(2, 10, 11)	1	0	106830	161	16	15
(10, 2, 11)	2	0	149	50137	11	11
(2, 11, 11)	1	0	24611	4234	4	3
(11, 2, 11)	2	0	5154	24381	4	4
(2, 12, 11)	2	0	110257	85069	19	19
(12, 2, 11)	1	0	81267	114960	23	22
(3, 4, 11)	2	0	9176	3433	14	14
(4, 3, 11)	2	0	28124	61697	71	71
(3, 5, 11)	1	0	27496	120	42	41
(5, 3, 11)	2	0	115	3460	4	4
(3, 6, 11)	1	0	28257	148520	40	39
(6, 3, 11)	1	0	50531	7208	11	10
(3, 7, 11)	1	0	44767	84592	69	68
(7, 3, 11)	2	0	82039	42213	66	66
(3, 8, 11)	1	0	14478	7021	23	22
(8, 3, 11)	2	0	9664	24424	27	27
(3, 9, 11)	1	0	7117	8064	11	10
(9, 3, 11)	2	0	3681	3751	5	5
(3, 10, 11)	1	0	8936	108	12	11
(10, 3, 11)	2	0	262	25038	38	38
(3, 11, 11)	1	0	20942	32816	28	27
(11, 3, 11)	2	0	13098	6163	10	10
(3, 12, 11)	2	0	6129	25485	10	10
(12, 3, 11)	1	0	41932	8597	12	11
(4, 5, 11)	2	0	1656	38	16	16
(5, 4, 11)	1	0	772	2046	13	12
(4, 6, 11)	2	0	1043	28638	8	8
(6, 4, 11)	1	0	55709	1439	11	10
(4, 7, 11)	1	0	1967	8901	12	11
(7, 4, 11)	1	0	18229	3413	20	19
(4, 8, 11)	1	0	3629	4752	19	18
(8, 4, 11)	2	0	2965	1890	11	11
(4, 9, 11)	1	0	442	1812	4	3
(9, 4, 11)	2	0	5489	1295	7	7
(4, 10, 11)	2	0	17607	345	50	50
(10, 4, 11)	2	0	81	1171	9	9
(4, 11, 11)	2	0	847	6494	5	5
(11, 4, 11)	2	0	24547	3157	18	18
(4, 12, 11)	1	0	474	8375	4	3
(12, 4, 11)	2	4	8063	547	3	3
(5, 6, 11)	1	0	38320	111978	33	32
(6, 5, 11)	1	0	34844	107	8	7
(5, 7, 11)	2	0	95	9931	11	11
(7, 5, 11)	1	0	8634	401	11	10
(5, 8, 11)	2	0	30	2474	10	10
(8, 5, 11)	1	0	1296	120	6	5
(5, 9, 11)	1	0	104	3635	6	5
(9, 5, 11)	2	0	5379	5	7	7
(5, 10, 11)	1	0	5821	144	20	19
(10, 5, 11)	2	0	143	8061	24	24
(5, 11, 11)	1	0	673	15016	13	12
(11, 5, 11)	2	0	13914	155	11	11
(5, 12, 11)	1	3	298	32342	9	9
(12, 5, 11)	1	0	27120	141	7	6
(6, 7, 11)	1	0	124582	22334	26	25
(7, 6, 11)	2	0	11904	76688	15	15
(6, 8, 11)	1	0	90543	5179	20	19
(8, 6, 11)	2	0	2049	36313	9	9
(6, 9, 11)	1	0	14002	1814	4	3
(9, 6, 11)	2	0	2771	14053	4	4
(6, 10, 11)	1	0	38997	111	10	9
(10, 6, 11)	2	0	137	48854	11	11
(6, 11, 11)	1	0	28213	8202	7	6
(11, 6, 11)	2	0	15640	64167	12	12
(6, 12, 11)	1	0	14012	9281	4	3
(12, 6, 11)	2	0	11838	20891	5	5
(7, 8, 11)	1	0	23182	6879	23	22
(8, 7, 11)	2	0	27318	41124	52	52
(7, 9, 11)	1	0	3446	1843	4	3
(9, 7, 11)	2	0	2770	3629	4	4
(7, 10, 11)	1	0	21250	173	24	23
(10, 7, 11)	2	0	95	13953	15	15
(7, 11, 11)	1	0	6083	8063	7	6
(11, 7, 11)	2	0	15732	9752	12	12
(7, 12, 11)	1	0	2895	7827	4	3
(12, 7, 11)	2	4	8344	2562	3	3
(8, 9, 11)	1	0	996	2732	5	4
(9, 8, 11)	2	0	2734	579	3	3
(8, 10, 11)	1	0	11261	249	33	32
(10, 8, 11)	2	0	115	3226	13	13
(8, 11, 11)	1	0	1524	9866	8	7
(11, 8, 11)	2	0	3952	1251	3	3
(8, 12, 11)	1	0	807	9756	5	4
(12, 8, 11)	2	0	8499	638	3	3
(9, 10, 11)	1	0	8912	110	10	9
(10, 9, 11)	1	0	58	2710	5	4
(9, 11, 11)	2	0	2722	5177	4	4
(11, 9, 11)	1	0	5145	1813	4	3
(9, 12, 11)	1	3	5467	16609	6	6
(12, 9, 11)	2	3	8693	2752	4	3
(10, 11, 11)	1	0	103	16850	14	13
(11, 10, 11)	2	0	41645	232	35	35
(10, 12, 11)	1	3	105	18093	6	6
(12, 10, 11)	2	3	71925	90	12	11
(11, 12, 11)	1	0	5042	8376	4	3
(12, 11, 11)	2	4	8281	3984	3	3
