              6#P 0#P 3#B 1#L 4#V 5#F 7#C 2#S 8#P 11# 9#M 10#
6#PUREGM20        999 999 999 9991000100010001000100010001000
0#PISQ7         0     626 839 999 999 999 999 999100010001000
3#BENJAMIN      0 373     749 999 999 999 999 999100010001000
1#LIGHTBLUE     0 160 250     997 999 999 999 999100010001000
4#VALKYRIE      0   0   0   2     873 922 922 999 99910001000
5#FIVEROW       0   0   0   0 126     612 612 996 99910001000
7#CRUSHER       0   0   0   0  77 387     500 991 99910001000
2#STAHLFAUST    0   0   0   0  77 387 499     991 99910001000
8#PROLOG        0   0   0   0   0   3   8   8     999 999 999
11#AIBB         0   0   0   0   0   0   0   0   0     988 999
9#MUSHROOM      0   0   0   0   0   0   0   0   0  11     891
10#WHATATEAM    0   0   0   0   0   0   0   0   0   0 108    
